0.0 499e+6 499e+6 499e+6 0.0 499e+6 499e+6 499e+6 0.0
0.0 499e+6 499e+6 499e+6 0.0 499e+6 499e+6 499e+6 0.0
0.0 499e+6 499e+6 499e+6 0.0 499e+6 499e+6 499e+6 0.0
0.0 499e+6 499e+6 499e+6 0.0 499e+6 499e+6 499e+6 0.0
0.0 499e+6 499e+6 499e+6 0.0 499e+6 499e+6 499e+6 0.0
0.0 499e+6 499e+6 499e+6 0.0 499e+6 499e+6 499e+6 0.0
0.0 499e+6 499e+6 499e+6 0.0 499e+6 499e+6 499e+6 0.0
0.0 499e+6 499e+6 499e+6 0.0 499e+6 499e+6 499e+6 0.0
0.0 499e+6 499e+6 499e+6 0.0 499e+6 499e+6 499e+6 0.0
0.0 499e+6 499e+6 499e+6 0.0 499e+6 499e+6 499e+6 0.0
0.0 499e+6 499e+6 499e+6 0.0 499e+6 499e+6 499e+6 0.0
0.0 499e+6 499e+6 499e+6 0.0 499e+6 499e+6 499e+6 0.0
0.0 499e+6 499e+6 499e+6 0.0 499e+6 499e+6 499e+6 0.0
0.0 499e+6 499e+6 499e+6 0.0 499e+6 499e+6 499e+6 0.0
0.0 499e+6 499e+6 499e+6 0.0 499e+6 499e+6 499e+6 0.0
0.0 499e+6 499e+6 499e+6 0.0 499e+6 499e+6 499e+6 0.0
0.0 499e+6 499e+6 499e+6 0.0 499e+6 499e+6 499e+6 0.0
0.0 499e+6 499e+6 499e+6 0.0 499e+6 499e+6 499e+6 0.0
0.0 499e+6 499e+6 499e+6 0.0 499e+6 499e+6 499e+6 0.0
0.0 499e+6 499e+6 499e+6 0.0 499e+6 499e+6 499e+6 0.0
0.0 499e+6 499e+6 499e+6 0.0 499e+6 499e+6 499e+6 0.0
0.0 499e+6 499e+6 499e+6 0.0 499e+6 499e+6 499e+6 0.0
0.0 499e+6 499e+6 499e+6 0.0 499e+6 499e+6 499e+6 0.0
0.0 499e+6 499e+6 499e+6 0.0 499e+6 499e+6 499e+6 0.0
0.0 499e+6 499e+6 499e+6 0.0 499e+6 499e+6 499e+6 0.0
0.0 499e+6 499e+6 499e+6 0.0 499e+6 499e+6 499e+6 0.0
0.0 499e+6 499e+6 499e+6 0.0 499e+6 499e+6 499e+6 0.0
0.0 499e+6 499e+6 499e+6 0.0 499e+6 499e+6 499e+6 0.0
