# solver	iter	churn	stddev
ecmp	0	168.000000	0.000000
ecmp	1	0.000000	0.000000
ecmp	2	0.000000	0.000000
ecmp	3	0.000000	0.000000
ecmp	4	0.000000	0.000000
ecmp	5	0.000000	0.000000
ecmp	6	0.000000	0.000000
ecmp	7	0.000000	0.000000
ecmp	8	0.000000	0.000000
ecmp	9	0.000000	0.000000
ecmp	10	0.000000	0.000000
ecmp	11	0.000000	0.000000
ecmp	12	0.000000	0.000000
ecmp	13	0.000000	0.000000
ecmp	14	0.000000	0.000000
ecmp	15	0.000000	0.000000
ecmp	16	0.000000	0.000000
ecmp	17	0.000000	0.000000
ecmp	18	0.000000	0.000000
ecmp	19	0.000000	0.000000
ecmp	20	0.000000	0.000000
ecmp	21	0.000000	0.000000
ecmp	22	0.000000	0.000000
ecmp	23	0.000000	0.000000
ksp	0	389.000000	0.000000
ksp	1	0.000000	0.000000
ksp	2	0.000000	0.000000
ksp	3	0.000000	0.000000
ksp	4	0.000000	0.000000
ksp	5	0.000000	0.000000
ksp	6	0.000000	0.000000
ksp	7	0.000000	0.000000
ksp	8	0.000000	0.000000
ksp	9	0.000000	0.000000
ksp	10	0.000000	0.000000
ksp	11	0.000000	0.000000
ksp	12	0.000000	0.000000
ksp	13	0.000000	0.000000
ksp	14	0.000000	0.000000
ksp	15	0.000000	0.000000
ksp	16	0.000000	0.000000
ksp	17	0.000000	0.000000
ksp	18	0.000000	0.000000
ksp	19	0.000000	0.000000
ksp	20	0.000000	0.000000
ksp	21	0.000000	0.000000
ksp	22	0.000000	0.000000
ksp	23	0.000000	0.000000
mcf	0	135.000000	0.000000
mcf	1	44.000000	0.000000
mcf	2	52.000000	0.000000
mcf	3	75.000000	0.000000
mcf	4	65.000000	0.000000
mcf	5	50.000000	0.000000
mcf	6	70.000000	0.000000
mcf	7	18.000000	0.000000
mcf	8	14.000000	0.000000
mcf	9	66.000000	0.000000
mcf	10	38.000000	0.000000
mcf	11	6.000000	0.000000
mcf	12	2.000000	0.000000
mcf	13	68.000000	0.000000
mcf	14	70.000000	0.000000
mcf	15	60.000000	0.000000
mcf	16	20.000000	0.000000
mcf	17	26.000000	0.000000
mcf	18	42.000000	0.000000
mcf	19	28.000000	0.000000
mcf	20	72.000000	0.000000
mcf	21	70.000000	0.000000
mcf	22	20.000000	0.000000
mcf	23	34.000000	0.000000
raeke	0	391.000000	0.000000
raeke	1	0.000000	0.000000
raeke	2	0.000000	0.000000
raeke	3	229.000000	0.000000
raeke	4	90.000000	0.000000
raeke	5	92.000000	0.000000
raeke	6	70.000000	0.000000
raeke	7	76.000000	0.000000
raeke	8	46.000000	0.000000
raeke	9	40.000000	0.000000
raeke	10	61.000000	0.000000
raeke	11	77.000000	0.000000
raeke	12	89.000000	0.000000
raeke	13	67.000000	0.000000
raeke	14	64.000000	0.000000
raeke	15	56.000000	0.000000
raeke	16	48.000000	0.000000
raeke	17	97.000000	0.000000
raeke	18	105.000000	0.000000
raeke	19	68.000000	0.000000
raeke	20	66.000000	0.000000
raeke	21	98.000000	0.000000
raeke	22	88.000000	0.000000
raeke	23	64.000000	0.000000
semimcfecmp	0	168.000000	0.000000
semimcfecmp	1	0.000000	0.000000
semimcfecmp	2	0.000000	0.000000
semimcfecmp	3	70.000000	0.000000
semimcfecmp	4	0.000000	0.000000
semimcfecmp	5	0.000000	0.000000
semimcfecmp	6	0.000000	0.000000
semimcfecmp	7	0.000000	0.000000
semimcfecmp	8	0.000000	0.000000
semimcfecmp	9	0.000000	0.000000
semimcfecmp	10	0.000000	0.000000
semimcfecmp	11	0.000000	0.000000
semimcfecmp	12	0.000000	0.000000
semimcfecmp	13	0.000000	0.000000
semimcfecmp	14	0.000000	0.000000
semimcfecmp	15	0.000000	0.000000
semimcfecmp	16	0.000000	0.000000
semimcfecmp	17	0.000000	0.000000
semimcfecmp	18	0.000000	0.000000
semimcfecmp	19	0.000000	0.000000
semimcfecmp	20	0.000000	0.000000
semimcfecmp	21	0.000000	0.000000
semimcfecmp	22	0.000000	0.000000
semimcfecmp	23	0.000000	0.000000
semimcfksp	0	389.000000	0.000000
semimcfksp	1	0.000000	0.000000
semimcfksp	2	0.000000	0.000000
semimcfksp	3	187.000000	0.000000
semimcfksp	4	0.000000	0.000000
semimcfksp	5	0.000000	0.000000
semimcfksp	6	0.000000	0.000000
semimcfksp	7	0.000000	0.000000
semimcfksp	8	0.000000	0.000000
semimcfksp	9	0.000000	0.000000
semimcfksp	10	0.000000	0.000000
semimcfksp	11	0.000000	0.000000
semimcfksp	12	0.000000	0.000000
semimcfksp	13	0.000000	0.000000
semimcfksp	14	0.000000	0.000000
semimcfksp	15	0.000000	0.000000
semimcfksp	16	0.000000	0.000000
semimcfksp	17	0.000000	0.000000
semimcfksp	18	0.000000	0.000000
semimcfksp	19	0.000000	0.000000
semimcfksp	20	0.000000	0.000000
semimcfksp	21	0.000000	0.000000
semimcfksp	22	0.000000	0.000000
semimcfksp	23	0.000000	0.000000
semimcfmcf	0	135.000000	0.000000
semimcfmcf	1	0.000000	0.000000
semimcfmcf	2	0.000000	0.000000
semimcfmcf	3	119.000000	0.000000
semimcfmcf	4	30.000000	0.000000
semimcfmcf	5	44.000000	0.000000
semimcfmcf	6	42.000000	0.000000
semimcfmcf	7	12.000000	0.000000
semimcfmcf	8	46.000000	0.000000
semimcfmcf	9	26.000000	0.000000
semimcfmcf	10	38.000000	0.000000
semimcfmcf	11	20.000000	0.000000
semimcfmcf	12	40.000000	0.000000
semimcfmcf	13	26.000000	0.000000
semimcfmcf	14	58.000000	0.000000
semimcfmcf	15	14.000000	0.000000
semimcfmcf	16	38.000000	0.000000
semimcfmcf	17	12.000000	0.000000
semimcfmcf	18	40.000000	0.000000
semimcfmcf	19	32.000000	0.000000
semimcfmcf	20	44.000000	0.000000
semimcfmcf	21	30.000000	0.000000
semimcfmcf	22	26.000000	0.000000
semimcfmcf	23	44.000000	0.000000
semimcfraeke	0	392.000000	0.000000
semimcfraeke	1	0.000000	0.000000
semimcfraeke	2	0.000000	0.000000
semimcfraeke	3	210.000000	0.000000
semimcfraeke	4	76.000000	0.000000
semimcfraeke	5	58.000000	0.000000
semimcfraeke	6	54.000000	0.000000
semimcfraeke	7	59.000000	0.000000
semimcfraeke	8	75.000000	0.000000
semimcfraeke	9	124.000000	0.000000
semimcfraeke	10	102.000000	0.000000
semimcfraeke	11	44.000000	0.000000
semimcfraeke	12	74.000000	0.000000
semimcfraeke	13	74.000000	0.000000
semimcfraeke	14	68.000000	0.000000
semimcfraeke	15	62.000000	0.000000
semimcfraeke	16	82.000000	0.000000
semimcfraeke	17	72.000000	0.000000
semimcfraeke	18	68.000000	0.000000
semimcfraeke	19	38.000000	0.000000
semimcfraeke	20	44.000000	0.000000
semimcfraeke	21	50.000000	0.000000
semimcfraeke	22	108.000000	0.000000
semimcfraeke	23	90.000000	0.000000
semimcfvlb	0	376.000000	0.000000
semimcfvlb	1	0.000000	0.000000
semimcfvlb	2	0.000000	0.000000
semimcfvlb	3	196.000000	0.000000
semimcfvlb	4	49.000000	0.000000
semimcfvlb	5	62.000000	0.000000
semimcfvlb	6	67.000000	0.000000
semimcfvlb	7	57.000000	0.000000
semimcfvlb	8	53.000000	0.000000
semimcfvlb	9	47.000000	0.000000
semimcfvlb	10	58.000000	0.000000
semimcfvlb	11	54.000000	0.000000
semimcfvlb	12	37.000000	0.000000
semimcfvlb	13	33.000000	0.000000
semimcfvlb	14	79.000000	0.000000
semimcfvlb	15	77.000000	0.000000
semimcfvlb	16	63.000000	0.000000
semimcfvlb	17	52.000000	0.000000
semimcfvlb	18	46.000000	0.000000
semimcfvlb	19	51.000000	0.000000
semimcfvlb	20	57.000000	0.000000
semimcfvlb	21	66.000000	0.000000
semimcfvlb	22	50.000000	0.000000
semimcfvlb	23	64.000000	0.000000
spf	0	132.000000	0.000000
spf	1	0.000000	0.000000
spf	2	0.000000	0.000000
spf	3	0.000000	0.000000
spf	4	0.000000	0.000000
spf	5	0.000000	0.000000
spf	6	0.000000	0.000000
spf	7	0.000000	0.000000
spf	8	0.000000	0.000000
spf	9	0.000000	0.000000
spf	10	0.000000	0.000000
spf	11	0.000000	0.000000
spf	12	0.000000	0.000000
spf	13	0.000000	0.000000
spf	14	0.000000	0.000000
spf	15	0.000000	0.000000
spf	16	0.000000	0.000000
spf	17	0.000000	0.000000
spf	18	0.000000	0.000000
spf	19	0.000000	0.000000
spf	20	0.000000	0.000000
spf	21	0.000000	0.000000
spf	22	0.000000	0.000000
spf	23	0.000000	0.000000
vlb	0	373.000000	0.000000
vlb	1	73.000000	0.000000
vlb	2	74.000000	0.000000
vlb	3	71.000000	0.000000
vlb	4	86.000000	0.000000
vlb	5	97.000000	0.000000
vlb	6	89.000000	0.000000
vlb	7	75.000000	0.000000
vlb	8	58.000000	0.000000
vlb	9	80.000000	0.000000
vlb	10	78.000000	0.000000
vlb	11	103.000000	0.000000
vlb	12	85.000000	0.000000
vlb	13	89.000000	0.000000
vlb	14	108.000000	0.000000
vlb	15	98.000000	0.000000
vlb	16	94.000000	0.000000
vlb	17	95.000000	0.000000
vlb	18	84.000000	0.000000
vlb	19	80.000000	0.000000
vlb	20	111.000000	0.000000
vlb	21	78.000000	0.000000
vlb	22	93.000000	0.000000
vlb	23	57.000000	0.000000

