0.00 0.00 1000000000.00 0.00 0.00 0.00 0.00 0.00 0.00 0.00 1000000000.00 0.00 0.00 0.00 0.00 0.00 0.00 0.00 0.00 1000000000.00 0.00 0.00 0.00 1000000000.00 0.00 
0.00 0.00 1000000000.00 0.00 0.00 0.00 0.00 0.00 0.00 0.00 1000000000.00 0.00 0.00 0.00 0.00 0.00 0.00 0.00 0.00 1000000000.00 0.00 0.00 0.00 1000000000.00 0.00 
0.00 0.00 1000000000.00 0.00 0.00 0.00 0.00 0.00 0.00 0.00 1000000000.00 0.00 0.00 0.00 0.00 0.00 0.00 0.00 0.00 1000000000.00 0.00 0.00 0.00 1000000000.00 0.00 
0.00 0.00 1000000000.00 0.00 0.00 0.00 0.00 0.00 0.00 0.00 1000000000.00 0.00 0.00 0.00 0.00 0.00 0.00 0.00 0.00 1000000000.00 0.00 0.00 0.00 1000000000.00 0.00 
0.00 0.00 1000000000.00 0.00 0.00 0.00 0.00 0.00 0.00 0.00 1000000000.00 0.00 0.00 0.00 0.00 0.00 0.00 0.00 0.00 1000000000.00 0.00 0.00 0.00 1000000000.00 0.00 
0.00 0.00 1000000000.00 0.00 0.00 0.00 0.00 0.00 0.00 0.00 1000000000.00 0.00 0.00 0.00 0.00 0.00 0.00 0.00 0.00 1000000000.00 0.00 0.00 0.00 1000000000.00 0.00 
0.00 0.00 1000000000.00 0.00 0.00 0.00 0.00 0.00 0.00 0.00 1000000000.00 0.00 0.00 0.00 0.00 0.00 0.00 0.00 0.00 1000000000.00 0.00 0.00 0.00 1000000000.00 0.00 
0.00 0.00 1000000000.00 0.00 0.00 0.00 0.00 0.00 0.00 0.00 1000000000.00 0.00 0.00 0.00 0.00 0.00 0.00 0.00 0.00 1000000000.00 0.00 0.00 0.00 1000000000.00 0.00 
0.00 0.00 1000000000.00 0.00 0.00 0.00 0.00 0.00 0.00 0.00 1000000000.00 0.00 0.00 0.00 0.00 0.00 0.00 0.00 0.00 1000000000.00 0.00 0.00 0.00 1000000000.00 0.00 
0.00 0.00 1000000000.00 0.00 0.00 0.00 0.00 0.00 0.00 0.00 1000000000.00 0.00 0.00 0.00 0.00 0.00 0.00 0.00 0.00 1000000000.00 0.00 0.00 0.00 1000000000.00 0.00 
0.00 0.00 1000000000.00 0.00 0.00 0.00 0.00 0.00 0.00 0.00 1000000000.00 0.00 0.00 0.00 0.00 0.00 0.00 0.00 0.00 1000000000.00 0.00 0.00 0.00 1000000000.00 0.00 
0.00 0.00 1000000000.00 0.00 0.00 0.00 0.00 0.00 0.00 0.00 1000000000.00 0.00 0.00 0.00 0.00 0.00 0.00 0.00 0.00 1000000000.00 0.00 0.00 0.00 1000000000.00 0.00 
0.00 0.00 1000000000.00 0.00 0.00 0.00 0.00 0.00 0.00 0.00 1000000000.00 0.00 0.00 0.00 0.00 0.00 0.00 0.00 0.00 1000000000.00 0.00 0.00 0.00 1000000000.00 0.00 
0.00 0.00 1000000000.00 0.00 0.00 0.00 0.00 0.00 0.00 0.00 1000000000.00 0.00 0.00 0.00 0.00 0.00 0.00 0.00 0.00 1000000000.00 0.00 0.00 0.00 1000000000.00 0.00 
0.00 0.00 1000000000.00 0.00 0.00 0.00 0.00 0.00 0.00 0.00 1000000000.00 0.00 0.00 0.00 0.00 0.00 0.00 0.00 0.00 1000000000.00 0.00 0.00 0.00 1000000000.00 0.00 
0.00 0.00 1000000000.00 0.00 0.00 0.00 0.00 0.00 0.00 0.00 1000000000.00 0.00 0.00 0.00 0.00 0.00 0.00 0.00 0.00 1000000000.00 0.00 0.00 0.00 1000000000.00 0.00 
0.00 0.00 1000000000.00 0.00 0.00 0.00 0.00 0.00 0.00 0.00 1000000000.00 0.00 0.00 0.00 0.00 0.00 0.00 0.00 0.00 1000000000.00 0.00 0.00 0.00 1000000000.00 0.00 
0.00 0.00 1000000000.00 0.00 0.00 0.00 0.00 0.00 0.00 0.00 1000000000.00 0.00 0.00 0.00 0.00 0.00 0.00 0.00 0.00 1000000000.00 0.00 0.00 0.00 1000000000.00 0.00 
0.00 0.00 1000000000.00 0.00 0.00 0.00 0.00 0.00 0.00 0.00 1000000000.00 0.00 0.00 0.00 0.00 0.00 0.00 0.00 0.00 1000000000.00 0.00 0.00 0.00 1000000000.00 0.00 
0.00 0.00 1000000000.00 0.00 0.00 0.00 0.00 0.00 0.00 0.00 1000000000.00 0.00 0.00 0.00 0.00 0.00 0.00 0.00 0.00 1000000000.00 0.00 0.00 0.00 1000000000.00 0.00 
