0.00 0.00 833333333.33 833333333.33 833333333.33 0.00 0.00 0.00 833333333.33 833333333.33 833333333.33 0.00 0.00 0.00 833333333.33 833333333.33 833333333.33 0.00 0.00 0.00 833333333.33 833333333.33 833333333.33 0.00 0.00 
0.00 0.00 833333333.33 833333333.33 833333333.33 0.00 0.00 0.00 833333333.33 833333333.33 833333333.33 0.00 0.00 0.00 833333333.33 833333333.33 833333333.33 0.00 0.00 0.00 833333333.33 833333333.33 833333333.33 0.00 0.00 
0.00 0.00 833333333.33 833333333.33 833333333.33 0.00 0.00 0.00 833333333.33 833333333.33 833333333.33 0.00 0.00 0.00 833333333.33 833333333.33 833333333.33 0.00 0.00 0.00 833333333.33 833333333.33 833333333.33 0.00 0.00 
0.00 0.00 833333333.33 833333333.33 833333333.33 0.00 0.00 0.00 833333333.33 833333333.33 833333333.33 0.00 0.00 0.00 833333333.33 833333333.33 833333333.33 0.00 0.00 0.00 833333333.33 833333333.33 833333333.33 0.00 0.00 
0.00 0.00 833333333.33 833333333.33 833333333.33 0.00 0.00 0.00 833333333.33 833333333.33 833333333.33 0.00 0.00 0.00 833333333.33 833333333.33 833333333.33 0.00 0.00 0.00 833333333.33 833333333.33 833333333.33 0.00 0.00 
0.00 0.00 833333333.33 833333333.33 833333333.33 0.00 0.00 0.00 833333333.33 833333333.33 833333333.33 0.00 0.00 0.00 833333333.33 833333333.33 833333333.33 0.00 0.00 0.00 833333333.33 833333333.33 833333333.33 0.00 0.00 
0.00 0.00 833333333.33 833333333.33 833333333.33 0.00 0.00 0.00 833333333.33 833333333.33 833333333.33 0.00 0.00 0.00 833333333.33 833333333.33 833333333.33 0.00 0.00 0.00 833333333.33 833333333.33 833333333.33 0.00 0.00 
0.00 0.00 833333333.33 833333333.33 833333333.33 0.00 0.00 0.00 833333333.33 833333333.33 833333333.33 0.00 0.00 0.00 833333333.33 833333333.33 833333333.33 0.00 0.00 0.00 833333333.33 833333333.33 833333333.33 0.00 0.00 
0.00 0.00 833333333.33 833333333.33 833333333.33 0.00 0.00 0.00 833333333.33 833333333.33 833333333.33 0.00 0.00 0.00 833333333.33 833333333.33 833333333.33 0.00 0.00 0.00 833333333.33 833333333.33 833333333.33 0.00 0.00 
0.00 0.00 833333333.33 833333333.33 833333333.33 0.00 0.00 0.00 833333333.33 833333333.33 833333333.33 0.00 0.00 0.00 833333333.33 833333333.33 833333333.33 0.00 0.00 0.00 833333333.33 833333333.33 833333333.33 0.00 0.00 
0.00 0.00 833333333.33 833333333.33 833333333.33 0.00 0.00 0.00 833333333.33 833333333.33 833333333.33 0.00 0.00 0.00 833333333.33 833333333.33 833333333.33 0.00 0.00 0.00 833333333.33 833333333.33 833333333.33 0.00 0.00 
0.00 0.00 833333333.33 833333333.33 833333333.33 0.00 0.00 0.00 833333333.33 833333333.33 833333333.33 0.00 0.00 0.00 833333333.33 833333333.33 833333333.33 0.00 0.00 0.00 833333333.33 833333333.33 833333333.33 0.00 0.00 
0.00 0.00 833333333.33 833333333.33 833333333.33 0.00 0.00 0.00 833333333.33 833333333.33 833333333.33 0.00 0.00 0.00 833333333.33 833333333.33 833333333.33 0.00 0.00 0.00 833333333.33 833333333.33 833333333.33 0.00 0.00 
0.00 0.00 833333333.33 833333333.33 833333333.33 0.00 0.00 0.00 833333333.33 833333333.33 833333333.33 0.00 0.00 0.00 833333333.33 833333333.33 833333333.33 0.00 0.00 0.00 833333333.33 833333333.33 833333333.33 0.00 0.00 
0.00 0.00 833333333.33 833333333.33 833333333.33 0.00 0.00 0.00 833333333.33 833333333.33 833333333.33 0.00 0.00 0.00 833333333.33 833333333.33 833333333.33 0.00 0.00 0.00 833333333.33 833333333.33 833333333.33 0.00 0.00 
0.00 0.00 833333333.33 833333333.33 833333333.33 0.00 0.00 0.00 833333333.33 833333333.33 833333333.33 0.00 0.00 0.00 833333333.33 833333333.33 833333333.33 0.00 0.00 0.00 833333333.33 833333333.33 833333333.33 0.00 0.00 
0.00 0.00 833333333.33 833333333.33 833333333.33 0.00 0.00 0.00 833333333.33 833333333.33 833333333.33 0.00 0.00 0.00 833333333.33 833333333.33 833333333.33 0.00 0.00 0.00 833333333.33 833333333.33 833333333.33 0.00 0.00 
0.00 0.00 833333333.33 833333333.33 833333333.33 0.00 0.00 0.00 833333333.33 833333333.33 833333333.33 0.00 0.00 0.00 833333333.33 833333333.33 833333333.33 0.00 0.00 0.00 833333333.33 833333333.33 833333333.33 0.00 0.00 
0.00 0.00 833333333.33 833333333.33 833333333.33 0.00 0.00 0.00 833333333.33 833333333.33 833333333.33 0.00 0.00 0.00 833333333.33 833333333.33 833333333.33 0.00 0.00 0.00 833333333.33 833333333.33 833333333.33 0.00 0.00 
0.00 0.00 833333333.33 833333333.33 833333333.33 0.00 0.00 0.00 833333333.33 833333333.33 833333333.33 0.00 0.00 0.00 833333333.33 833333333.33 833333333.33 0.00 0.00 0.00 833333333.33 833333333.33 833333333.33 0.00 0.00 
