0.00 500000000.00 500000000.00 500000000.00 500000000.00 500000000.00 0.00 500000000.00 500000000.00 500000000.00 500000000.00 500000000.00 0.00 500000000.00 500000000.00 500000000.00 500000000.00 500000000.00 0.00 500000000.00 500000000.00 500000000.00 500000000.00 500000000.00 0.00 
0.00 500000000.00 500000000.00 500000000.00 500000000.00 500000000.00 0.00 500000000.00 500000000.00 500000000.00 500000000.00 500000000.00 0.00 500000000.00 500000000.00 500000000.00 500000000.00 500000000.00 0.00 500000000.00 500000000.00 500000000.00 500000000.00 500000000.00 0.00 
0.00 500000000.00 500000000.00 500000000.00 500000000.00 500000000.00 0.00 500000000.00 500000000.00 500000000.00 500000000.00 500000000.00 0.00 500000000.00 500000000.00 500000000.00 500000000.00 500000000.00 0.00 500000000.00 500000000.00 500000000.00 500000000.00 500000000.00 0.00 
0.00 500000000.00 500000000.00 500000000.00 500000000.00 500000000.00 0.00 500000000.00 500000000.00 500000000.00 500000000.00 500000000.00 0.00 500000000.00 500000000.00 500000000.00 500000000.00 500000000.00 0.00 500000000.00 500000000.00 500000000.00 500000000.00 500000000.00 0.00 
0.00 500000000.00 500000000.00 500000000.00 500000000.00 500000000.00 0.00 500000000.00 500000000.00 500000000.00 500000000.00 500000000.00 0.00 500000000.00 500000000.00 500000000.00 500000000.00 500000000.00 0.00 500000000.00 500000000.00 500000000.00 500000000.00 500000000.00 0.00 
0.00 500000000.00 500000000.00 500000000.00 500000000.00 500000000.00 0.00 500000000.00 500000000.00 500000000.00 500000000.00 500000000.00 0.00 500000000.00 500000000.00 500000000.00 500000000.00 500000000.00 0.00 500000000.00 500000000.00 500000000.00 500000000.00 500000000.00 0.00 
0.00 500000000.00 500000000.00 500000000.00 500000000.00 500000000.00 0.00 500000000.00 500000000.00 500000000.00 500000000.00 500000000.00 0.00 500000000.00 500000000.00 500000000.00 500000000.00 500000000.00 0.00 500000000.00 500000000.00 500000000.00 500000000.00 500000000.00 0.00 
0.00 500000000.00 500000000.00 500000000.00 500000000.00 500000000.00 0.00 500000000.00 500000000.00 500000000.00 500000000.00 500000000.00 0.00 500000000.00 500000000.00 500000000.00 500000000.00 500000000.00 0.00 500000000.00 500000000.00 500000000.00 500000000.00 500000000.00 0.00 
0.00 500000000.00 500000000.00 500000000.00 500000000.00 500000000.00 0.00 500000000.00 500000000.00 500000000.00 500000000.00 500000000.00 0.00 500000000.00 500000000.00 500000000.00 500000000.00 500000000.00 0.00 500000000.00 500000000.00 500000000.00 500000000.00 500000000.00 0.00 
0.00 500000000.00 500000000.00 500000000.00 500000000.00 500000000.00 0.00 500000000.00 500000000.00 500000000.00 500000000.00 500000000.00 0.00 500000000.00 500000000.00 500000000.00 500000000.00 500000000.00 0.00 500000000.00 500000000.00 500000000.00 500000000.00 500000000.00 0.00 
0.00 500000000.00 500000000.00 500000000.00 500000000.00 500000000.00 0.00 500000000.00 500000000.00 500000000.00 500000000.00 500000000.00 0.00 500000000.00 500000000.00 500000000.00 500000000.00 500000000.00 0.00 500000000.00 500000000.00 500000000.00 500000000.00 500000000.00 0.00 
0.00 500000000.00 500000000.00 500000000.00 500000000.00 500000000.00 0.00 500000000.00 500000000.00 500000000.00 500000000.00 500000000.00 0.00 500000000.00 500000000.00 500000000.00 500000000.00 500000000.00 0.00 500000000.00 500000000.00 500000000.00 500000000.00 500000000.00 0.00 
0.00 500000000.00 500000000.00 500000000.00 500000000.00 500000000.00 0.00 500000000.00 500000000.00 500000000.00 500000000.00 500000000.00 0.00 500000000.00 500000000.00 500000000.00 500000000.00 500000000.00 0.00 500000000.00 500000000.00 500000000.00 500000000.00 500000000.00 0.00 
0.00 500000000.00 500000000.00 500000000.00 500000000.00 500000000.00 0.00 500000000.00 500000000.00 500000000.00 500000000.00 500000000.00 0.00 500000000.00 500000000.00 500000000.00 500000000.00 500000000.00 0.00 500000000.00 500000000.00 500000000.00 500000000.00 500000000.00 0.00 
0.00 500000000.00 500000000.00 500000000.00 500000000.00 500000000.00 0.00 500000000.00 500000000.00 500000000.00 500000000.00 500000000.00 0.00 500000000.00 500000000.00 500000000.00 500000000.00 500000000.00 0.00 500000000.00 500000000.00 500000000.00 500000000.00 500000000.00 0.00 
0.00 500000000.00 500000000.00 500000000.00 500000000.00 500000000.00 0.00 500000000.00 500000000.00 500000000.00 500000000.00 500000000.00 0.00 500000000.00 500000000.00 500000000.00 500000000.00 500000000.00 0.00 500000000.00 500000000.00 500000000.00 500000000.00 500000000.00 0.00 
0.00 500000000.00 500000000.00 500000000.00 500000000.00 500000000.00 0.00 500000000.00 500000000.00 500000000.00 500000000.00 500000000.00 0.00 500000000.00 500000000.00 500000000.00 500000000.00 500000000.00 0.00 500000000.00 500000000.00 500000000.00 500000000.00 500000000.00 0.00 
0.00 500000000.00 500000000.00 500000000.00 500000000.00 500000000.00 0.00 500000000.00 500000000.00 500000000.00 500000000.00 500000000.00 0.00 500000000.00 500000000.00 500000000.00 500000000.00 500000000.00 0.00 500000000.00 500000000.00 500000000.00 500000000.00 500000000.00 0.00 
0.00 500000000.00 500000000.00 500000000.00 500000000.00 500000000.00 0.00 500000000.00 500000000.00 500000000.00 500000000.00 500000000.00 0.00 500000000.00 500000000.00 500000000.00 500000000.00 500000000.00 0.00 500000000.00 500000000.00 500000000.00 500000000.00 500000000.00 0.00 
0.00 500000000.00 500000000.00 500000000.00 500000000.00 500000000.00 0.00 500000000.00 500000000.00 500000000.00 500000000.00 500000000.00 0.00 500000000.00 500000000.00 500000000.00 500000000.00 500000000.00 0.00 500000000.00 500000000.00 500000000.00 500000000.00 500000000.00 0.00 
