24
54
12 13 1.0
12 0 1.0
13 12 1.0
13 16 1.0
13 17 1.0
13 23 1.0
13 1 1.0
14 17 1.0
14 20 1.0
14 2 1.0
15 18 1.0
15 21 1.0
15 22 1.0
15 3 1.0
16 13 1.0
16 18 1.0
16 19 1.0
16 4 1.0
17 13 1.0
17 14 1.0
17 18 1.0
17 5 1.0
18 15 1.0
18 16 1.0
18 17 1.0
18 6 1.0
19 16 1.0
19 21 1.0
19 7 1.0
20 14 1.0
20 23 1.0
20 8 1.0
21 15 1.0
21 19 1.0
21 22 1.0
21 9 1.0
22 15 1.0
22 21 1.0
22 10 1.0
23 13 1.0
23 20 1.0
23 11 1.0
0 12 1.0
1 13 1.0
2 14 1.0
3 15 1.0
4 16 1.0
5 17 1.0
6 18 1.0
7 19 1.0
8 20 1.0
9 21 1.0
10 22 1.0
11 23 1.0
