46
108
0 23 1.0
23 0 1.0
23 35 1.0
1 24 1.0
24 1 1.0
24 35 1.0
2 25 1.0
25 2 1.0
25 26 1.0
25 30 1.0
25 36 1.0
3 26 1.0
26 25 1.0
26 3 1.0
26 36 1.0
4 27 1.0
27 4 1.0
27 30 1.0
27 31 1.0
5 28 1.0
28 5 1.0
28 29 1.0
28 30 1.0
6 29 1.0
29 28 1.0
29 6 1.0
29 31 1.0
7 30 1.0
30 25 1.0
30 27 1.0
30 28 1.0
30 7 1.0
30 33 1.0
30 35 1.0
30 37 1.0
30 38 1.0
30 39 1.0
8 31 1.0
31 27 1.0
31 29 1.0
31 8 1.0
31 35 1.0
31 36 1.0
31 40 1.0
31 41 1.0
31 42 1.0
31 43 1.0
9 32 1.0
32 9 1.0
32 35 1.0
10 33 1.0
33 30 1.0
33 10 1.0
33 42 1.0
11 34 1.0
34 11 1.0
34 38 1.0
34 41 1.0
35 23 1.0
35 24 1.0
35 30 1.0
35 31 1.0
35 32 1.0
35 44 1.0
35 45 1.0
35 18 1.0
36 25 1.0
36 26 1.0
36 31 1.0
36 22 1.0
37 30 1.0
37 43 1.0
37 19 1.0
38 30 1.0
38 34 1.0
38 41 1.0
38 12 1.0
39 30 1.0
39 40 1.0
39 20 1.0
40 31 1.0
40 39 1.0
40 21 1.0
41 31 1.0
41 34 1.0
41 38 1.0
41 13 1.0
42 31 1.0
42 33 1.0
42 15 1.0
43 31 1.0
43 37 1.0
43 14 1.0
12 38 1.0
13 41 1.0
14 43 1.0
15 42 1.0
44 35 1.0
44 16 1.0
16 44 1.0
45 35 1.0
45 17 1.0
17 45 1.0
18 35 1.0
19 37 1.0
20 39 1.0
21 40 1.0
22 36 1.0
