50
110
0 25 1.0
25 0 1.0
25 26 1.0
1 26 1.0
26 25 1.0
26 1 1.0
26 34 1.0
26 38 1.0
26 39 1.0
26 40 1.0
26 41 1.0
2 27 1.0
27 2 1.0
27 28 1.0
27 35 1.0
3 28 1.0
28 27 1.0
28 3 1.0
28 29 1.0
28 31 1.0
28 42 1.0
4 29 1.0
29 28 1.0
29 4 1.0
5 30 1.0
30 5 1.0
30 31 1.0
6 31 1.0
31 28 1.0
31 30 1.0
31 6 1.0
31 32 1.0
31 33 1.0
31 34 1.0
7 32 1.0
32 31 1.0
32 7 1.0
32 40 1.0
8 33 1.0
33 31 1.0
33 8 1.0
9 34 1.0
34 26 1.0
34 31 1.0
34 9 1.0
10 35 1.0
35 27 1.0
35 10 1.0
35 36 1.0
35 41 1.0
35 42 1.0
11 36 1.0
36 35 1.0
36 11 1.0
36 37 1.0
12 37 1.0
37 36 1.0
37 12 1.0
37 40 1.0
38 26 1.0
38 39 1.0
38 46 1.0
38 47 1.0
38 19 1.0
38 48 1.0
39 26 1.0
39 38 1.0
39 17 1.0
40 26 1.0
40 32 1.0
40 37 1.0
40 43 1.0
40 44 1.0
40 14 1.0
41 26 1.0
41 35 1.0
41 24 1.0
42 28 1.0
42 35 1.0
42 49 1.0
42 22 1.0
13 43 1.0
43 40 1.0
43 13 1.0
44 40 1.0
44 45 1.0
44 48 1.0
44 20 1.0
14 40 1.0
45 44 1.0
45 15 1.0
15 45 1.0
46 38 1.0
46 16 1.0
16 46 1.0
17 39 1.0
47 38 1.0
47 18 1.0
18 47 1.0
19 38 1.0
48 38 1.0
48 44 1.0
48 23 1.0
20 44 1.0
49 42 1.0
49 21 1.0
21 49 1.0
22 42 1.0
23 48 1.0
24 41 1.0
