32
84
0 16 1.0
16 0 1.0
16 17 1.0
16 21 1.0
16 23 1.0
16 25 1.0
16 26 1.0
16 27 1.0
1 17 1.0
17 16 1.0
17 1 1.0
17 21 1.0
17 23 1.0
17 24 1.0
2 18 1.0
18 2 1.0
18 23 1.0
3 19 1.0
19 3 1.0
19 20 1.0
4 20 1.0
20 19 1.0
20 4 1.0
20 21 1.0
20 23 1.0
20 26 1.0
20 29 1.0
5 21 1.0
21 16 1.0
21 17 1.0
21 20 1.0
21 5 1.0
21 23 1.0
21 26 1.0
21 27 1.0
21 28 1.0
21 29 1.0
6 22 1.0
22 6 1.0
22 26 1.0
7 23 1.0
23 16 1.0
23 17 1.0
23 18 1.0
23 20 1.0
23 21 1.0
23 7 1.0
23 26 1.0
23 27 1.0
8 24 1.0
24 17 1.0
24 8 1.0
9 25 1.0
25 16 1.0
25 9 1.0
26 16 1.0
26 20 1.0
26 21 1.0
26 22 1.0
26 23 1.0
26 29 1.0
26 31 1.0
26 15 1.0
27 16 1.0
27 21 1.0
27 23 1.0
27 12 1.0
28 21 1.0
28 13 1.0
29 20 1.0
29 21 1.0
29 26 1.0
29 30 1.0
29 10 1.0
30 29 1.0
30 11 1.0
10 29 1.0
11 30 1.0
12 27 1.0
13 28 1.0
31 26 1.0
31 14 1.0
14 31 1.0
15 26 1.0
