36
86
0 18 1.0
18 0 1.0
18 19 1.0
18 25 1.0
18 28 1.0
18 29 1.0
1 19 1.0
19 18 1.0
19 1 1.0
19 20 1.0
19 25 1.0
2 20 1.0
20 19 1.0
20 2 1.0
20 21 1.0
20 30 1.0
3 21 1.0
21 20 1.0
21 3 1.0
21 22 1.0
21 23 1.0
4 22 1.0
22 21 1.0
22 4 1.0
22 23 1.0
5 23 1.0
23 21 1.0
23 22 1.0
23 5 1.0
23 24 1.0
23 25 1.0
6 24 1.0
24 23 1.0
24 6 1.0
24 25 1.0
24 26 1.0
7 25 1.0
25 18 1.0
25 19 1.0
25 23 1.0
25 24 1.0
25 7 1.0
8 26 1.0
26 24 1.0
26 8 1.0
26 27 1.0
9 27 1.0
27 26 1.0
27 9 1.0
27 28 1.0
28 18 1.0
28 27 1.0
28 14 1.0
28 34 1.0
29 18 1.0
29 10 1.0
29 31 1.0
30 20 1.0
30 31 1.0
30 32 1.0
30 12 1.0
10 29 1.0
31 29 1.0
31 30 1.0
31 32 1.0
31 11 1.0
31 33 1.0
32 30 1.0
32 31 1.0
32 13 1.0
11 31 1.0
33 31 1.0
33 34 1.0
33 17 1.0
12 30 1.0
13 32 1.0
14 28 1.0
34 28 1.0
34 33 1.0
34 35 1.0
34 16 1.0
35 34 1.0
35 15 1.0
15 35 1.0
16 34 1.0
17 33 1.0
