50
106
0 25 1.0
25 0 1.0
25 37 1.0
25 40 1.0
1 26 1.0
26 1 1.0
26 38 1.0
26 39 1.0
2 27 1.0
27 2 1.0
27 28 1.0
27 30 1.0
3 28 1.0
28 27 1.0
28 3 1.0
28 34 1.0
28 41 1.0
4 29 1.0
29 4 1.0
29 36 1.0
29 42 1.0
5 30 1.0
30 27 1.0
30 5 1.0
30 33 1.0
6 31 1.0
31 6 1.0
31 40 1.0
31 42 1.0
7 32 1.0
32 7 1.0
32 33 1.0
32 43 1.0
8 33 1.0
33 30 1.0
33 32 1.0
33 8 1.0
9 34 1.0
34 28 1.0
34 9 1.0
10 35 1.0
35 10 1.0
35 41 1.0
35 42 1.0
11 36 1.0
36 29 1.0
36 11 1.0
36 37 1.0
36 49 1.0
12 37 1.0
37 25 1.0
37 36 1.0
37 12 1.0
37 48 1.0
38 26 1.0
38 44 1.0
38 16 1.0
39 26 1.0
39 47 1.0
39 49 1.0
39 20 1.0
40 25 1.0
40 31 1.0
40 43 1.0
40 22 1.0
41 28 1.0
41 35 1.0
41 19 1.0
42 29 1.0
42 31 1.0
42 35 1.0
42 24 1.0
43 32 1.0
43 40 1.0
43 21 1.0
13 44 1.0
44 38 1.0
44 13 1.0
44 46 1.0
45 46 1.0
45 14 1.0
45 47 1.0
46 44 1.0
46 45 1.0
46 17 1.0
46 48 1.0
14 45 1.0
47 39 1.0
47 45 1.0
47 15 1.0
15 47 1.0
16 38 1.0
17 46 1.0
48 37 1.0
48 46 1.0
48 23 1.0
49 36 1.0
49 39 1.0
49 18 1.0
18 49 1.0
19 41 1.0
20 39 1.0
21 43 1.0
22 40 1.0
23 48 1.0
24 42 1.0
