36
80
0 18 1.0
18 0 1.0
18 23 1.0
18 25 1.0
18 29 1.0
1 19 1.0
19 1 1.0
19 20 1.0
19 25 1.0
19 28 1.0
2 20 1.0
20 19 1.0
20 2 1.0
20 24 1.0
3 21 1.0
21 3 1.0
21 22 1.0
21 26 1.0
4 22 1.0
22 21 1.0
22 4 1.0
22 29 1.0
5 23 1.0
23 18 1.0
23 5 1.0
23 30 1.0
6 24 1.0
24 20 1.0
24 6 1.0
24 26 1.0
7 25 1.0
25 18 1.0
25 19 1.0
25 7 1.0
8 26 1.0
26 21 1.0
26 24 1.0
26 8 1.0
9 27 1.0
27 9 1.0
27 31 1.0
27 32 1.0
28 19 1.0
28 33 1.0
28 35 1.0
28 17 1.0
29 18 1.0
29 22 1.0
29 14 1.0
30 23 1.0
30 32 1.0
30 15 1.0
30 35 1.0
31 27 1.0
31 33 1.0
31 10 1.0
32 27 1.0
32 30 1.0
32 33 1.0
32 34 1.0
32 13 1.0
33 28 1.0
33 31 1.0
33 32 1.0
33 34 1.0
33 11 1.0
10 31 1.0
34 32 1.0
34 33 1.0
34 12 1.0
11 33 1.0
12 34 1.0
13 32 1.0
14 29 1.0
15 30 1.0
35 28 1.0
35 30 1.0
35 16 1.0
16 35 1.0
17 28 1.0
