58
122
0 29 1.0
29 0 1.0
29 38 1.0
29 44 1.0
1 30 1.0
30 1 1.0
30 42 1.0
30 43 1.0
2 31 1.0
31 2 1.0
31 34 1.0
31 56 1.0
3 32 1.0
32 3 1.0
32 33 1.0
32 47 1.0
4 33 1.0
33 32 1.0
33 4 1.0
33 39 1.0
33 46 1.0
5 34 1.0
34 31 1.0
34 5 1.0
34 45 1.0
6 35 1.0
35 6 1.0
35 48 1.0
35 49 1.0
7 36 1.0
36 7 1.0
36 45 1.0
36 51 1.0
8 37 1.0
37 8 1.0
37 38 1.0
37 50 1.0
9 38 1.0
38 29 1.0
38 37 1.0
38 9 1.0
38 49 1.0
10 39 1.0
39 33 1.0
39 10 1.0
39 52 1.0
11 40 1.0
40 11 1.0
40 41 1.0
40 44 1.0
40 53 1.0
12 41 1.0
41 40 1.0
41 12 1.0
41 42 1.0
13 42 1.0
42 30 1.0
42 41 1.0
42 13 1.0
42 56 1.0
43 30 1.0
43 55 1.0
43 25 1.0
44 29 1.0
44 40 1.0
44 55 1.0
44 18 1.0
14 45 1.0
45 34 1.0
45 36 1.0
45 14 1.0
45 57 1.0
46 33 1.0
46 57 1.0
46 20 1.0
47 32 1.0
47 48 1.0
47 22 1.0
48 35 1.0
48 47 1.0
48 23 1.0
49 35 1.0
49 38 1.0
49 21 1.0
50 37 1.0
50 51 1.0
50 15 1.0
51 36 1.0
51 50 1.0
51 16 1.0
52 39 1.0
52 54 1.0
52 24 1.0
15 50 1.0
16 51 1.0
53 40 1.0
53 17 1.0
53 54 1.0
17 53 1.0
54 52 1.0
54 53 1.0
54 26 1.0
55 43 1.0
55 44 1.0
55 28 1.0
18 44 1.0
56 31 1.0
56 42 1.0
56 19 1.0
19 56 1.0
57 45 1.0
57 46 1.0
57 27 1.0
20 46 1.0
21 49 1.0
22 47 1.0
23 48 1.0
24 52 1.0
25 43 1.0
26 54 1.0
27 57 1.0
28 55 1.0
