130
284
65 66 1.0
65 67 1.0
65 0 1.0
65 68 1.0
66 65 1.0
66 69 1.0
66 92 1.0
66 43 1.0
67 65 1.0
67 46 1.0
0 65 1.0
68 65 1.0
68 45 1.0
69 66 1.0
69 70 1.0
69 71 1.0
69 72 1.0
69 73 1.0
69 74 1.0
69 75 1.0
69 76 1.0
69 77 1.0
69 78 1.0
69 79 1.0
69 1 1.0
69 80 1.0
70 69 1.0
70 73 1.0
70 3 1.0
71 69 1.0
71 78 1.0
71 15 1.0
71 91 1.0
72 69 1.0
72 87 1.0
72 108 1.0
72 36 1.0
73 69 1.0
73 70 1.0
73 77 1.0
73 4 1.0
74 69 1.0
74 104 1.0
74 41 1.0
74 113 1.0
74 122 1.0
74 125 1.0
74 126 1.0
74 127 1.0
75 69 1.0
75 8 1.0
76 69 1.0
76 82 1.0
76 13 1.0
77 69 1.0
77 73 1.0
77 18 1.0
77 96 1.0
78 69 1.0
78 71 1.0
78 79 1.0
78 44 1.0
79 69 1.0
79 78 1.0
79 11 1.0
1 69 1.0
80 69 1.0
80 81 1.0
80 83 1.0
80 90 1.0
80 94 1.0
80 95 1.0
80 100 1.0
80 102 1.0
80 104 1.0
80 105 1.0
80 107 1.0
80 109 1.0
80 110 1.0
80 111 1.0
80 119 1.0
80 125 1.0
80 126 1.0
80 128 1.0
80 62 1.0
2 81 1.0
81 80 1.0
81 2 1.0
81 100 1.0
81 129 1.0
3 70 1.0
4 73 1.0
5 82 1.0
82 76 1.0
82 5 1.0
6 83 1.0
83 80 1.0
83 6 1.0
83 100 1.0
7 84 1.0
84 7 1.0
84 102 1.0
8 75 1.0
9 85 1.0
85 9 1.0
85 102 1.0
10 86 1.0
86 10 1.0
86 102 1.0
11 79 1.0
12 87 1.0
87 72 1.0
87 12 1.0
13 76 1.0
88 89 1.0
88 90 1.0
88 14 1.0
89 88 1.0
89 99 1.0
89 23 1.0
90 80 1.0
90 88 1.0
90 93 1.0
90 94 1.0
90 95 1.0
90 17 1.0
14 88 1.0
15 71 1.0
91 71 1.0
91 92 1.0
91 99 1.0
91 27 1.0
92 66 1.0
92 91 1.0
92 16 1.0
16 92 1.0
93 90 1.0
93 30 1.0
94 80 1.0
94 90 1.0
94 28 1.0
95 80 1.0
95 90 1.0
95 29 1.0
17 90 1.0
18 77 1.0
96 77 1.0
96 97 1.0
96 19 1.0
96 98 1.0
97 96 1.0
97 20 1.0
19 96 1.0
98 96 1.0
98 21 1.0
20 97 1.0
21 98 1.0
99 89 1.0
99 91 1.0
99 22 1.0
22 99 1.0
23 89 1.0
100 80 1.0
100 81 1.0
100 83 1.0
100 31 1.0
24 101 1.0
101 24 1.0
101 126 1.0
102 80 1.0
102 84 1.0
102 85 1.0
102 86 1.0
102 103 1.0
102 112 1.0
102 114 1.0
102 115 1.0
102 52 1.0
102 120 1.0
102 121 1.0
103 102 1.0
103 25 1.0
25 103 1.0
26 104 1.0
104 74 1.0
104 80 1.0
104 26 1.0
27 91 1.0
28 94 1.0
29 95 1.0
30 93 1.0
31 100 1.0
105 80 1.0
105 32 1.0
32 105 1.0
106 33 1.0
106 107 1.0
33 106 1.0
107 80 1.0
107 106 1.0
107 34 1.0
34 107 1.0
108 72 1.0
108 35 1.0
35 108 1.0
36 72 1.0
109 80 1.0
109 37 1.0
37 109 1.0
110 80 1.0
110 38 1.0
38 110 1.0
111 80 1.0
111 39 1.0
39 111 1.0
112 102 1.0
112 40 1.0
40 112 1.0
41 74 1.0
42 113 1.0
113 74 1.0
113 42 1.0
43 66 1.0
44 78 1.0
45 68 1.0
46 67 1.0
114 102 1.0
114 47 1.0
47 114 1.0
115 102 1.0
115 48 1.0
48 115 1.0
116 117 1.0
116 49 1.0
117 116 1.0
117 118 1.0
117 122 1.0
117 53 1.0
117 123 1.0
117 124 1.0
49 116 1.0
118 117 1.0
118 50 1.0
50 118 1.0
119 80 1.0
119 51 1.0
51 119 1.0
52 102 1.0
120 102 1.0
120 57 1.0
121 102 1.0
121 54 1.0
122 74 1.0
122 117 1.0
122 64 1.0
53 117 1.0
123 117 1.0
123 56 1.0
124 117 1.0
124 55 1.0
54 121 1.0
55 124 1.0
56 123 1.0
125 74 1.0
125 80 1.0
125 58 1.0
126 74 1.0
126 80 1.0
126 101 1.0
126 63 1.0
127 74 1.0
127 60 1.0
57 120 1.0
58 125 1.0
128 80 1.0
128 59 1.0
59 128 1.0
60 127 1.0
61 129 1.0
129 81 1.0
129 61 1.0
62 80 1.0
63 126 1.0
64 122 1.0
