42
86
0 21 1.0
21 0 1.0
21 22 1.0
21 30 1.0
1 22 1.0
22 21 1.0
22 1 1.0
22 31 1.0
2 23 1.0
23 2 1.0
23 24 1.0
23 32 1.0
3 24 1.0
24 23 1.0
24 3 1.0
24 25 1.0
4 25 1.0
25 24 1.0
25 4 1.0
25 33 1.0
5 26 1.0
26 5 1.0
26 27 1.0
6 27 1.0
27 26 1.0
27 6 1.0
27 28 1.0
27 32 1.0
7 28 1.0
28 27 1.0
28 7 1.0
28 29 1.0
8 29 1.0
29 28 1.0
29 8 1.0
29 30 1.0
9 30 1.0
30 21 1.0
30 29 1.0
30 9 1.0
31 22 1.0
31 39 1.0
31 18 1.0
32 23 1.0
32 27 1.0
32 39 1.0
32 14 1.0
33 25 1.0
33 38 1.0
33 41 1.0
33 20 1.0
10 34 1.0
34 10 1.0
34 35 1.0
34 39 1.0
35 34 1.0
35 36 1.0
35 11 1.0
36 35 1.0
36 37 1.0
36 12 1.0
11 35 1.0
37 36 1.0
37 40 1.0
37 17 1.0
12 36 1.0
38 33 1.0
38 13 1.0
13 38 1.0
39 31 1.0
39 32 1.0
39 34 1.0
39 15 1.0
14 32 1.0
15 39 1.0
40 37 1.0
40 41 1.0
40 16 1.0
41 33 1.0
41 40 1.0
41 19 1.0
16 40 1.0
17 37 1.0
18 31 1.0
19 41 1.0
20 33 1.0
