50
162
0 25 1.0
25 0 1.0
25 26 1.0
25 28 1.0
25 34 1.0
25 38 1.0
1 26 1.0
26 25 1.0
26 1 1.0
26 27 1.0
26 28 1.0
26 34 1.0
26 36 1.0
26 38 1.0
26 39 1.0
2 27 1.0
27 26 1.0
27 2 1.0
27 28 1.0
27 29 1.0
27 31 1.0
27 37 1.0
27 39 1.0
27 40 1.0
27 41 1.0
27 42 1.0
3 28 1.0
28 25 1.0
28 26 1.0
28 27 1.0
28 3 1.0
28 31 1.0
4 29 1.0
29 27 1.0
29 4 1.0
29 30 1.0
29 31 1.0
29 32 1.0
5 30 1.0
30 29 1.0
30 5 1.0
30 31 1.0
6 31 1.0
31 27 1.0
31 28 1.0
31 29 1.0
31 30 1.0
31 6 1.0
31 32 1.0
7 32 1.0
32 29 1.0
32 31 1.0
32 7 1.0
32 33 1.0
32 34 1.0
8 33 1.0
33 32 1.0
33 8 1.0
33 34 1.0
9 34 1.0
34 25 1.0
34 26 1.0
34 32 1.0
34 33 1.0
34 9 1.0
34 38 1.0
34 43 1.0
10 35 1.0
35 10 1.0
35 36 1.0
35 49 1.0
11 36 1.0
36 26 1.0
36 35 1.0
36 11 1.0
36 37 1.0
36 38 1.0
36 40 1.0
36 49 1.0
12 37 1.0
37 27 1.0
37 36 1.0
37 12 1.0
37 40 1.0
37 41 1.0
37 45 1.0
38 25 1.0
38 26 1.0
38 34 1.0
38 36 1.0
38 39 1.0
38 40 1.0
38 41 1.0
38 46 1.0
38 47 1.0
38 16 1.0
38 48 1.0
39 26 1.0
39 27 1.0
39 38 1.0
39 40 1.0
39 41 1.0
39 21 1.0
40 27 1.0
40 36 1.0
40 37 1.0
40 38 1.0
40 39 1.0
40 41 1.0
40 42 1.0
40 44 1.0
40 45 1.0
40 20 1.0
41 27 1.0
41 37 1.0
41 38 1.0
41 39 1.0
41 40 1.0
41 22 1.0
42 27 1.0
42 40 1.0
42 13 1.0
42 44 1.0
43 34 1.0
43 46 1.0
43 48 1.0
43 23 1.0
13 42 1.0
44 40 1.0
44 42 1.0
44 14 1.0
14 44 1.0
45 37 1.0
45 40 1.0
45 15 1.0
15 45 1.0
46 38 1.0
46 43 1.0
46 47 1.0
46 48 1.0
46 18 1.0
47 38 1.0
47 46 1.0
47 17 1.0
47 49 1.0
16 38 1.0
48 38 1.0
48 43 1.0
48 46 1.0
48 19 1.0
17 47 1.0
49 35 1.0
49 36 1.0
49 47 1.0
49 24 1.0
18 46 1.0
19 48 1.0
20 40 1.0
21 39 1.0
22 41 1.0
23 43 1.0
24 49 1.0
