44
100
0 22 1.0
22 0 1.0
22 30 1.0
22 31 1.0
22 33 1.0
1 23 1.0
23 1 1.0
23 29 1.0
2 24 1.0
24 2 1.0
24 25 1.0
24 34 1.0
3 25 1.0
25 24 1.0
25 3 1.0
25 26 1.0
4 26 1.0
26 25 1.0
26 4 1.0
26 36 1.0
5 27 1.0
27 5 1.0
27 28 1.0
27 35 1.0
6 28 1.0
28 27 1.0
28 6 1.0
28 29 1.0
7 29 1.0
29 23 1.0
29 28 1.0
29 7 1.0
29 30 1.0
29 35 1.0
29 37 1.0
8 30 1.0
30 22 1.0
30 29 1.0
30 8 1.0
9 31 1.0
31 22 1.0
31 9 1.0
31 33 1.0
10 32 1.0
32 10 1.0
32 36 1.0
32 41 1.0
33 22 1.0
33 31 1.0
33 37 1.0
33 43 1.0
33 21 1.0
34 24 1.0
34 35 1.0
34 36 1.0
34 14 1.0
35 27 1.0
35 29 1.0
35 34 1.0
35 37 1.0
35 39 1.0
35 12 1.0
36 26 1.0
36 32 1.0
36 34 1.0
36 15 1.0
37 29 1.0
37 33 1.0
37 35 1.0
37 40 1.0
37 42 1.0
37 18 1.0
11 38 1.0
38 11 1.0
39 35 1.0
39 40 1.0
39 17 1.0
12 35 1.0
40 37 1.0
40 39 1.0
40 13 1.0
40 41 1.0
13 40 1.0
41 32 1.0
41 40 1.0
41 16 1.0
14 34 1.0
15 36 1.0
16 41 1.0
17 39 1.0
42 37 1.0
42 43 1.0
42 19 1.0
18 37 1.0
43 33 1.0
43 42 1.0
43 20 1.0
19 42 1.0
20 43 1.0
21 33 1.0
