54
110
0 27 1.0
27 0 1.0
27 28 1.0
27 35 1.0
27 41 1.0
27 42 1.0
1 28 1.0
28 27 1.0
28 1 1.0
2 29 1.0
29 2 1.0
29 48 1.0
3 30 1.0
30 3 1.0
30 43 1.0
4 31 1.0
31 4 1.0
31 43 1.0
5 32 1.0
32 5 1.0
32 33 1.0
6 33 1.0
33 32 1.0
33 6 1.0
33 43 1.0
33 44 1.0
7 34 1.0
34 7 1.0
34 35 1.0
8 35 1.0
35 27 1.0
35 34 1.0
35 8 1.0
35 36 1.0
35 37 1.0
35 45 1.0
9 36 1.0
36 35 1.0
36 9 1.0
10 37 1.0
37 35 1.0
37 10 1.0
11 38 1.0
38 11 1.0
38 39 1.0
38 44 1.0
38 46 1.0
38 48 1.0
12 39 1.0
39 38 1.0
39 12 1.0
13 40 1.0
40 13 1.0
40 46 1.0
41 27 1.0
41 17 1.0
42 27 1.0
42 46 1.0
42 21 1.0
43 30 1.0
43 31 1.0
43 33 1.0
43 16 1.0
43 48 1.0
44 33 1.0
44 38 1.0
44 45 1.0
44 51 1.0
44 52 1.0
44 23 1.0
45 35 1.0
45 44 1.0
45 49 1.0
45 19 1.0
45 50 1.0
14 46 1.0
46 38 1.0
46 40 1.0
46 42 1.0
46 14 1.0
46 47 1.0
47 46 1.0
47 15 1.0
15 47 1.0
16 43 1.0
48 29 1.0
48 38 1.0
48 43 1.0
48 53 1.0
48 26 1.0
17 41 1.0
49 45 1.0
49 18 1.0
18 49 1.0
19 45 1.0
50 45 1.0
50 20 1.0
20 50 1.0
21 42 1.0
51 44 1.0
51 22 1.0
22 51 1.0
52 44 1.0
52 24 1.0
23 44 1.0
24 52 1.0
25 53 1.0
53 48 1.0
53 25 1.0
26 48 1.0
