102
234
51 0 1.0
51 52 1.0
0 51 1.0
52 51 1.0
52 53 1.0
52 64 1.0
52 65 1.0
52 13 1.0
53 52 1.0
53 1 1.0
1 53 1.0
2 54 1.0
54 2 1.0
54 65 1.0
54 77 1.0
54 80 1.0
54 101 1.0
3 55 1.0
55 3 1.0
55 76 1.0
4 56 1.0
56 4 1.0
56 60 1.0
56 72 1.0
56 73 1.0
56 74 1.0
56 75 1.0
5 57 1.0
57 5 1.0
57 58 1.0
6 58 1.0
58 57 1.0
58 6 1.0
58 65 1.0
58 70 1.0
7 59 1.0
59 7 1.0
59 65 1.0
59 77 1.0
60 56 1.0
60 8 1.0
8 60 1.0
9 61 1.0
61 9 1.0
61 67 1.0
10 62 1.0
62 10 1.0
62 65 1.0
62 77 1.0
62 78 1.0
63 64 1.0
63 11 1.0
63 65 1.0
63 66 1.0
64 52 1.0
64 63 1.0
64 65 1.0
64 12 1.0
64 67 1.0
64 77 1.0
11 63 1.0
65 52 1.0
65 54 1.0
65 58 1.0
65 59 1.0
65 62 1.0
65 63 1.0
65 64 1.0
65 72 1.0
65 76 1.0
65 77 1.0
65 84 1.0
65 85 1.0
65 87 1.0
65 91 1.0
65 35 1.0
65 92 1.0
65 93 1.0
66 63 1.0
66 31 1.0
12 64 1.0
13 52 1.0
67 61 1.0
67 64 1.0
67 68 1.0
67 14 1.0
67 69 1.0
68 67 1.0
68 30 1.0
14 67 1.0
69 67 1.0
69 16 1.0
69 79 1.0
70 58 1.0
70 77 1.0
70 34 1.0
15 71 1.0
71 15 1.0
71 76 1.0
72 56 1.0
72 65 1.0
72 83 1.0
72 22 1.0
72 86 1.0
73 56 1.0
73 28 1.0
74 56 1.0
74 38 1.0
75 56 1.0
75 27 1.0
76 55 1.0
76 65 1.0
76 71 1.0
76 90 1.0
76 100 1.0
76 46 1.0
77 54 1.0
77 59 1.0
77 62 1.0
77 64 1.0
77 65 1.0
77 70 1.0
77 81 1.0
77 84 1.0
77 85 1.0
77 86 1.0
77 87 1.0
77 90 1.0
77 91 1.0
77 92 1.0
77 93 1.0
77 94 1.0
77 95 1.0
77 96 1.0
77 39 1.0
78 62 1.0
78 41 1.0
16 69 1.0
79 69 1.0
79 29 1.0
80 54 1.0
80 17 1.0
17 80 1.0
81 77 1.0
81 18 1.0
18 81 1.0
82 83 1.0
82 19 1.0
83 72 1.0
83 82 1.0
83 88 1.0
83 89 1.0
83 25 1.0
19 82 1.0
84 65 1.0
84 77 1.0
84 20 1.0
20 84 1.0
85 65 1.0
85 77 1.0
85 21 1.0
21 85 1.0
22 72 1.0
86 72 1.0
86 77 1.0
86 33 1.0
87 65 1.0
87 77 1.0
87 23 1.0
23 87 1.0
88 83 1.0
88 24 1.0
24 88 1.0
89 83 1.0
89 26 1.0
25 83 1.0
26 89 1.0
27 75 1.0
28 73 1.0
29 79 1.0
30 68 1.0
31 66 1.0
32 90 1.0
90 76 1.0
90 77 1.0
90 32 1.0
33 86 1.0
34 70 1.0
91 65 1.0
91 77 1.0
91 97 1.0
91 98 1.0
91 99 1.0
91 50 1.0
35 65 1.0
92 65 1.0
92 77 1.0
92 36 1.0
93 65 1.0
93 77 1.0
93 95 1.0
93 49 1.0
36 92 1.0
94 77 1.0
94 37 1.0
37 94 1.0
38 74 1.0
95 77 1.0
95 93 1.0
95 48 1.0
96 77 1.0
96 42 1.0
39 77 1.0
97 91 1.0
97 40 1.0
40 97 1.0
41 78 1.0
42 96 1.0
43 98 1.0
98 91 1.0
98 43 1.0
44 99 1.0
99 91 1.0
99 44 1.0
100 76 1.0
100 45 1.0
45 100 1.0
46 76 1.0
47 101 1.0
101 54 1.0
101 47 1.0
48 95 1.0
49 93 1.0
50 91 1.0
