46
128
0 23 1.0
23 0 1.0
23 35 1.0
1 24 1.0
24 1 1.0
24 35 1.0
2 25 1.0
25 2 1.0
25 29 1.0
25 31 1.0
3 26 1.0
26 3 1.0
26 29 1.0
26 31 1.0
4 27 1.0
27 4 1.0
27 29 1.0
27 31 1.0
5 28 1.0
28 5 1.0
28 29 1.0
28 31 1.0
6 29 1.0
29 25 1.0
29 26 1.0
29 27 1.0
29 28 1.0
29 6 1.0
29 30 1.0
29 31 1.0
29 33 1.0
29 34 1.0
29 35 1.0
29 39 1.0
29 40 1.0
29 41 1.0
29 42 1.0
29 43 1.0
29 44 1.0
29 45 1.0
7 30 1.0
30 29 1.0
30 7 1.0
30 31 1.0
30 35 1.0
30 36 1.0
30 37 1.0
30 38 1.0
8 31 1.0
31 25 1.0
31 26 1.0
31 27 1.0
31 28 1.0
31 29 1.0
31 30 1.0
31 8 1.0
31 33 1.0
31 34 1.0
31 35 1.0
31 39 1.0
31 40 1.0
31 41 1.0
31 42 1.0
31 43 1.0
31 44 1.0
31 45 1.0
9 32 1.0
32 9 1.0
32 35 1.0
10 33 1.0
33 29 1.0
33 31 1.0
33 10 1.0
11 34 1.0
34 29 1.0
34 31 1.0
34 11 1.0
35 23 1.0
35 24 1.0
35 29 1.0
35 30 1.0
35 31 1.0
35 32 1.0
35 36 1.0
35 37 1.0
35 38 1.0
35 22 1.0
36 30 1.0
36 35 1.0
36 18 1.0
37 30 1.0
37 35 1.0
37 17 1.0
38 30 1.0
38 35 1.0
38 16 1.0
39 29 1.0
39 31 1.0
39 15 1.0
40 29 1.0
40 31 1.0
40 13 1.0
41 29 1.0
41 31 1.0
41 14 1.0
42 29 1.0
42 31 1.0
42 12 1.0
43 29 1.0
43 31 1.0
43 20 1.0
44 29 1.0
44 31 1.0
44 21 1.0
45 29 1.0
45 31 1.0
45 19 1.0
12 42 1.0
13 40 1.0
14 41 1.0
15 39 1.0
16 38 1.0
17 37 1.0
18 36 1.0
19 45 1.0
20 43 1.0
21 44 1.0
22 35 1.0
