44
94
0 22 1.0
22 0 1.0
22 23 1.0
22 31 1.0
1 23 1.0
23 22 1.0
23 1 1.0
23 33 1.0
2 24 1.0
24 2 1.0
24 25 1.0
24 34 1.0
3 25 1.0
25 24 1.0
25 3 1.0
25 26 1.0
4 26 1.0
26 25 1.0
26 4 1.0
26 30 1.0
5 27 1.0
27 5 1.0
27 28 1.0
27 29 1.0
6 28 1.0
28 27 1.0
28 6 1.0
28 37 1.0
7 29 1.0
29 27 1.0
29 7 1.0
29 30 1.0
29 31 1.0
29 35 1.0
29 36 1.0
8 30 1.0
30 26 1.0
30 29 1.0
30 8 1.0
30 33 1.0
30 37 1.0
30 38 1.0
9 31 1.0
31 22 1.0
31 29 1.0
31 9 1.0
10 32 1.0
32 10 1.0
32 36 1.0
32 41 1.0
33 23 1.0
33 30 1.0
33 16 1.0
34 24 1.0
34 41 1.0
34 14 1.0
35 29 1.0
35 12 1.0
35 39 1.0
36 29 1.0
36 32 1.0
36 11 1.0
37 28 1.0
37 30 1.0
37 17 1.0
38 30 1.0
38 40 1.0
38 13 1.0
11 36 1.0
12 35 1.0
39 35 1.0
39 43 1.0
39 21 1.0
40 38 1.0
40 42 1.0
40 18 1.0
13 38 1.0
41 32 1.0
41 34 1.0
41 15 1.0
14 34 1.0
15 41 1.0
16 33 1.0
17 37 1.0
42 40 1.0
42 43 1.0
42 19 1.0
18 40 1.0
43 39 1.0
43 42 1.0
43 20 1.0
19 42 1.0
20 43 1.0
21 39 1.0
