106
236
53 54 1.0
53 0 1.0
53 55 1.0
54 53 1.0
54 60 1.0
54 76 1.0
54 90 1.0
54 32 1.0
54 99 1.0
54 100 1.0
54 103 1.0
54 104 1.0
0 53 1.0
55 53 1.0
55 60 1.0
55 33 1.0
56 1 1.0
56 57 1.0
56 58 1.0
1 56 1.0
57 56 1.0
57 65 1.0
57 11 1.0
58 56 1.0
58 60 1.0
58 93 1.0
58 95 1.0
58 34 1.0
58 105 1.0
2 59 1.0
59 2 1.0
59 65 1.0
3 60 1.0
60 54 1.0
60 55 1.0
60 58 1.0
60 3 1.0
60 61 1.0
60 62 1.0
60 72 1.0
60 80 1.0
60 81 1.0
60 82 1.0
4 61 1.0
61 60 1.0
61 4 1.0
5 62 1.0
62 60 1.0
62 5 1.0
62 65 1.0
6 63 1.0
63 6 1.0
63 64 1.0
63 76 1.0
7 64 1.0
64 63 1.0
64 7 1.0
64 73 1.0
64 78 1.0
64 81 1.0
65 57 1.0
65 59 1.0
65 62 1.0
65 66 1.0
65 67 1.0
65 8 1.0
65 68 1.0
66 65 1.0
66 19 1.0
67 65 1.0
67 92 1.0
67 29 1.0
8 65 1.0
68 65 1.0
68 22 1.0
9 69 1.0
69 9 1.0
69 83 1.0
69 85 1.0
69 86 1.0
10 70 1.0
70 10 1.0
70 71 1.0
70 79 1.0
70 83 1.0
70 84 1.0
11 57 1.0
12 71 1.0
71 70 1.0
71 12 1.0
71 74 1.0
71 78 1.0
71 86 1.0
71 88 1.0
71 89 1.0
13 72 1.0
72 60 1.0
72 13 1.0
72 86 1.0
73 64 1.0
73 74 1.0
73 14 1.0
73 75 1.0
74 71 1.0
74 73 1.0
74 15 1.0
74 76 1.0
74 77 1.0
14 73 1.0
75 73 1.0
75 27 1.0
15 74 1.0
76 54 1.0
76 63 1.0
76 74 1.0
76 81 1.0
76 31 1.0
77 74 1.0
77 47 1.0
78 64 1.0
78 71 1.0
78 16 1.0
16 78 1.0
17 79 1.0
79 70 1.0
79 17 1.0
80 60 1.0
80 42 1.0
81 60 1.0
81 64 1.0
81 76 1.0
81 51 1.0
82 60 1.0
82 38 1.0
83 69 1.0
83 70 1.0
83 35 1.0
84 70 1.0
84 20 1.0
85 69 1.0
85 86 1.0
85 18 1.0
85 87 1.0
86 69 1.0
86 71 1.0
86 72 1.0
86 85 1.0
86 87 1.0
86 92 1.0
86 94 1.0
86 37 1.0
86 98 1.0
18 85 1.0
87 85 1.0
87 86 1.0
87 97 1.0
87 40 1.0
88 71 1.0
88 45 1.0
89 71 1.0
89 25 1.0
19 66 1.0
20 84 1.0
90 54 1.0
90 21 1.0
21 90 1.0
22 68 1.0
91 23 1.0
91 92 1.0
23 91 1.0
92 67 1.0
92 86 1.0
92 91 1.0
92 30 1.0
92 96 1.0
92 97 1.0
92 101 1.0
92 102 1.0
93 58 1.0
93 24 1.0
24 93 1.0
25 89 1.0
94 86 1.0
94 26 1.0
26 94 1.0
27 75 1.0
95 58 1.0
95 28 1.0
28 95 1.0
29 67 1.0
30 92 1.0
31 76 1.0
32 54 1.0
33 55 1.0
34 58 1.0
35 83 1.0
96 92 1.0
96 36 1.0
96 97 1.0
36 96 1.0
97 87 1.0
97 92 1.0
97 96 1.0
97 39 1.0
37 86 1.0
98 86 1.0
98 44 1.0
38 82 1.0
39 97 1.0
40 87 1.0
99 54 1.0
99 41 1.0
41 99 1.0
42 80 1.0
100 54 1.0
100 43 1.0
43 100 1.0
44 98 1.0
101 92 1.0
101 52 1.0
102 92 1.0
102 46 1.0
45 88 1.0
46 102 1.0
47 77 1.0
103 54 1.0
103 49 1.0
104 54 1.0
104 50 1.0
48 105 1.0
105 58 1.0
105 48 1.0
49 103 1.0
50 104 1.0
51 81 1.0
52 101 1.0
