58
124
0 29 1.0
29 0 1.0
29 39 1.0
29 44 1.0
1 30 1.0
30 1 1.0
30 37 1.0
30 39 1.0
30 43 1.0
2 31 1.0
31 2 1.0
31 32 1.0
31 46 1.0
31 55 1.0
3 32 1.0
32 31 1.0
32 3 1.0
32 40 1.0
4 33 1.0
33 4 1.0
33 34 1.0
33 40 1.0
5 34 1.0
34 33 1.0
34 5 1.0
34 35 1.0
6 35 1.0
35 34 1.0
35 6 1.0
35 36 1.0
7 36 1.0
36 35 1.0
36 7 1.0
36 37 1.0
8 37 1.0
37 30 1.0
37 36 1.0
37 8 1.0
9 38 1.0
38 9 1.0
38 39 1.0
38 42 1.0
10 39 1.0
39 29 1.0
39 30 1.0
39 38 1.0
39 10 1.0
11 40 1.0
40 32 1.0
40 33 1.0
40 11 1.0
40 41 1.0
40 56 1.0
12 41 1.0
41 40 1.0
41 12 1.0
41 42 1.0
13 42 1.0
42 38 1.0
42 41 1.0
42 13 1.0
43 30 1.0
43 49 1.0
43 18 1.0
44 29 1.0
44 51 1.0
44 25 1.0
14 45 1.0
45 14 1.0
45 46 1.0
45 47 1.0
45 57 1.0
15 46 1.0
46 31 1.0
46 45 1.0
46 15 1.0
47 45 1.0
47 16 1.0
16 47 1.0
48 49 1.0
48 50 1.0
48 17 1.0
49 43 1.0
49 48 1.0
49 19 1.0
49 51 1.0
50 48 1.0
50 52 1.0
50 54 1.0
50 23 1.0
17 48 1.0
18 43 1.0
19 49 1.0
51 44 1.0
51 49 1.0
51 52 1.0
51 20 1.0
52 50 1.0
52 51 1.0
52 22 1.0
20 51 1.0
53 54 1.0
53 21 1.0
54 50 1.0
54 53 1.0
54 24 1.0
21 53 1.0
22 52 1.0
23 50 1.0
24 54 1.0
25 44 1.0
26 55 1.0
55 31 1.0
55 26 1.0
55 56 1.0
55 57 1.0
56 40 1.0
56 55 1.0
56 28 1.0
57 45 1.0
57 55 1.0
57 27 1.0
27 57 1.0
28 56 1.0
