74
150
0 37 1.0
37 0 1.0
37 41 1.0
1 38 1.0
38 1 1.0
38 51 1.0
2 39 1.0
39 2 1.0
39 72 1.0
3 40 1.0
40 3 1.0
40 41 1.0
40 56 1.0
4 41 1.0
41 37 1.0
41 40 1.0
41 4 1.0
41 42 1.0
41 43 1.0
41 49 1.0
41 50 1.0
41 52 1.0
41 54 1.0
41 55 1.0
5 42 1.0
42 41 1.0
42 5 1.0
42 53 1.0
6 43 1.0
43 41 1.0
43 6 1.0
43 44 1.0
43 45 1.0
43 46 1.0
7 44 1.0
44 43 1.0
44 7 1.0
8 45 1.0
45 43 1.0
45 8 1.0
9 46 1.0
46 43 1.0
46 9 1.0
10 47 1.0
47 10 1.0
47 55 1.0
11 48 1.0
48 11 1.0
48 65 1.0
48 72 1.0
12 49 1.0
49 41 1.0
49 12 1.0
49 51 1.0
49 72 1.0
13 50 1.0
50 41 1.0
50 13 1.0
50 60 1.0
50 64 1.0
50 67 1.0
51 38 1.0
51 49 1.0
51 28 1.0
14 52 1.0
52 41 1.0
52 14 1.0
15 53 1.0
53 42 1.0
53 15 1.0
53 58 1.0
54 41 1.0
54 32 1.0
55 41 1.0
55 47 1.0
55 29 1.0
56 40 1.0
56 57 1.0
56 18 1.0
56 61 1.0
56 62 1.0
56 63 1.0
57 56 1.0
57 58 1.0
57 16 1.0
57 59 1.0
58 53 1.0
58 57 1.0
58 35 1.0
16 57 1.0
59 57 1.0
59 34 1.0
17 60 1.0
60 50 1.0
60 17 1.0
18 56 1.0
61 56 1.0
61 30 1.0
62 56 1.0
62 19 1.0
63 56 1.0
63 31 1.0
19 62 1.0
64 50 1.0
64 20 1.0
20 64 1.0
65 48 1.0
65 21 1.0
21 65 1.0
66 67 1.0
66 22 1.0
67 50 1.0
67 66 1.0
67 68 1.0
67 69 1.0
67 24 1.0
22 66 1.0
68 67 1.0
68 23 1.0
23 68 1.0
69 67 1.0
69 25 1.0
69 70 1.0
69 71 1.0
24 67 1.0
25 69 1.0
70 69 1.0
70 72 1.0
70 26 1.0
71 69 1.0
71 27 1.0
72 39 1.0
72 48 1.0
72 49 1.0
72 70 1.0
72 33 1.0
72 73 1.0
26 70 1.0
27 71 1.0
28 51 1.0
29 55 1.0
30 61 1.0
31 63 1.0
32 54 1.0
33 72 1.0
34 59 1.0
73 72 1.0
73 36 1.0
35 58 1.0
36 73 1.0
