40
102
0 20 1.0
20 0 1.0
20 22 1.0
20 30 1.0
20 31 1.0
1 21 1.0
21 1 1.0
21 30 1.0
2 22 1.0
22 20 1.0
22 2 1.0
22 23 1.0
22 25 1.0
22 26 1.0
22 32 1.0
22 33 1.0
22 34 1.0
3 23 1.0
23 22 1.0
23 3 1.0
4 24 1.0
24 4 1.0
24 30 1.0
5 25 1.0
25 22 1.0
25 5 1.0
25 26 1.0
25 30 1.0
6 26 1.0
26 22 1.0
26 25 1.0
26 6 1.0
26 27 1.0
26 28 1.0
26 29 1.0
7 27 1.0
27 26 1.0
27 7 1.0
27 29 1.0
8 28 1.0
28 26 1.0
28 8 1.0
28 30 1.0
28 35 1.0
9 29 1.0
29 26 1.0
29 27 1.0
29 9 1.0
29 30 1.0
29 35 1.0
30 20 1.0
30 21 1.0
30 24 1.0
30 25 1.0
30 28 1.0
30 29 1.0
30 31 1.0
30 34 1.0
30 35 1.0
30 36 1.0
30 37 1.0
30 38 1.0
30 18 1.0
31 20 1.0
31 30 1.0
31 39 1.0
31 14 1.0
32 22 1.0
32 11 1.0
33 22 1.0
33 10 1.0
34 22 1.0
34 30 1.0
34 16 1.0
35 28 1.0
35 29 1.0
35 30 1.0
35 36 1.0
35 37 1.0
35 38 1.0
35 12 1.0
10 33 1.0
11 32 1.0
36 30 1.0
36 35 1.0
36 17 1.0
37 30 1.0
37 35 1.0
37 13 1.0
38 30 1.0
38 35 1.0
38 19 1.0
12 35 1.0
13 37 1.0
39 31 1.0
39 15 1.0
14 31 1.0
15 39 1.0
16 34 1.0
17 36 1.0
18 30 1.0
19 38 1.0
