48
122
0 24 1.0
24 0 1.0
24 33 1.0
24 38 1.0
1 25 1.0
25 1 1.0
25 36 1.0
25 37 1.0
2 26 1.0
26 2 1.0
26 33 1.0
26 39 1.0
3 27 1.0
27 3 1.0
27 33 1.0
27 36 1.0
4 28 1.0
28 4 1.0
28 33 1.0
28 38 1.0
5 29 1.0
29 5 1.0
29 32 1.0
29 33 1.0
6 30 1.0
30 6 1.0
30 33 1.0
30 38 1.0
7 31 1.0
31 7 1.0
31 36 1.0
31 38 1.0
8 32 1.0
32 29 1.0
32 8 1.0
32 33 1.0
32 36 1.0
9 33 1.0
33 24 1.0
33 26 1.0
33 27 1.0
33 28 1.0
33 29 1.0
33 30 1.0
33 32 1.0
33 9 1.0
33 36 1.0
33 38 1.0
10 34 1.0
34 10 1.0
34 35 1.0
34 36 1.0
34 39 1.0
34 46 1.0
34 47 1.0
11 35 1.0
35 34 1.0
35 11 1.0
35 36 1.0
12 36 1.0
36 25 1.0
36 27 1.0
36 31 1.0
36 32 1.0
36 33 1.0
36 34 1.0
36 35 1.0
36 12 1.0
36 38 1.0
36 39 1.0
36 41 1.0
37 25 1.0
37 38 1.0
37 16 1.0
38 24 1.0
38 28 1.0
38 30 1.0
38 31 1.0
38 33 1.0
38 36 1.0
38 37 1.0
38 39 1.0
38 40 1.0
38 41 1.0
38 42 1.0
38 44 1.0
38 45 1.0
38 20 1.0
39 26 1.0
39 34 1.0
39 36 1.0
39 38 1.0
39 43 1.0
39 21 1.0
13 40 1.0
40 38 1.0
40 13 1.0
41 36 1.0
41 38 1.0
41 14 1.0
14 41 1.0
42 38 1.0
42 15 1.0
15 42 1.0
16 37 1.0
43 39 1.0
43 17 1.0
17 43 1.0
44 38 1.0
44 18 1.0
18 44 1.0
45 38 1.0
45 19 1.0
19 45 1.0
20 38 1.0
21 39 1.0
46 34 1.0
46 22 1.0
22 46 1.0
47 34 1.0
47 23 1.0
23 47 1.0
