102
202
51 0 1.0
51 52 1.0
0 51 1.0
52 51 1.0
52 55 1.0
52 4 1.0
52 65 1.0
52 67 1.0
53 54 1.0
53 55 1.0
53 56 1.0
53 1 1.0
54 53 1.0
54 60 1.0
54 7 1.0
55 52 1.0
55 53 1.0
55 75 1.0
55 31 1.0
56 53 1.0
56 61 1.0
56 11 1.0
1 53 1.0
2 57 1.0
57 2 1.0
57 76 1.0
57 83 1.0
3 58 1.0
58 3 1.0
58 62 1.0
58 69 1.0
4 52 1.0
5 59 1.0
59 5 1.0
59 75 1.0
6 60 1.0
60 54 1.0
60 6 1.0
7 54 1.0
61 56 1.0
61 8 1.0
8 61 1.0
9 62 1.0
62 58 1.0
62 9 1.0
62 66 1.0
62 67 1.0
10 63 1.0
63 10 1.0
63 70 1.0
63 71 1.0
11 56 1.0
12 64 1.0
64 12 1.0
64 66 1.0
13 65 1.0
65 52 1.0
65 13 1.0
65 74 1.0
66 62 1.0
66 64 1.0
66 67 1.0
66 14 1.0
67 52 1.0
67 62 1.0
67 66 1.0
67 70 1.0
67 73 1.0
67 43 1.0
14 66 1.0
15 68 1.0
68 15 1.0
68 70 1.0
68 76 1.0
69 58 1.0
69 74 1.0
69 75 1.0
69 32 1.0
70 63 1.0
70 67 1.0
70 68 1.0
70 81 1.0
70 82 1.0
70 84 1.0
70 45 1.0
71 63 1.0
71 92 1.0
71 93 1.0
71 41 1.0
72 73 1.0
72 16 1.0
73 67 1.0
73 72 1.0
73 29 1.0
73 89 1.0
16 72 1.0
74 65 1.0
74 69 1.0
74 27 1.0
75 55 1.0
75 59 1.0
75 69 1.0
75 48 1.0
76 57 1.0
76 68 1.0
76 77 1.0
76 78 1.0
76 17 1.0
77 76 1.0
77 20 1.0
78 76 1.0
78 18 1.0
78 79 1.0
17 76 1.0
18 78 1.0
79 78 1.0
79 23 1.0
80 81 1.0
80 19 1.0
80 82 1.0
81 70 1.0
81 80 1.0
81 84 1.0
81 37 1.0
81 95 1.0
19 80 1.0
82 70 1.0
82 80 1.0
82 39 1.0
20 77 1.0
83 57 1.0
83 21 1.0
21 83 1.0
84 70 1.0
84 81 1.0
84 22 1.0
22 84 1.0
23 79 1.0
85 24 1.0
24 85 1.0
86 25 1.0
25 86 1.0
87 26 1.0
26 87 1.0
27 74 1.0
28 88 1.0
88 28 1.0
88 96 1.0
29 73 1.0
30 89 1.0
89 73 1.0
89 30 1.0
31 55 1.0
32 69 1.0
90 33 1.0
33 90 1.0
91 34 1.0
34 91 1.0
92 71 1.0
92 35 1.0
92 93 1.0
92 94 1.0
35 92 1.0
93 71 1.0
93 92 1.0
93 36 1.0
94 92 1.0
94 38 1.0
94 96 1.0
36 93 1.0
37 81 1.0
95 81 1.0
95 40 1.0
95 97 1.0
38 94 1.0
96 88 1.0
96 94 1.0
96 47 1.0
39 82 1.0
40 95 1.0
97 95 1.0
97 99 1.0
97 50 1.0
41 71 1.0
98 42 1.0
42 98 1.0
43 67 1.0
44 99 1.0
99 97 1.0
99 44 1.0
99 101 1.0
45 70 1.0
46 100 1.0
100 46 1.0
100 101 1.0
47 96 1.0
48 75 1.0
49 101 1.0
101 99 1.0
101 100 1.0
101 49 1.0
50 97 1.0
