72
224
0 36 1.0
36 0 1.0
36 37 1.0
36 42 1.0
36 45 1.0
36 49 1.0
36 50 1.0
36 51 1.0
1 37 1.0
37 36 1.0
37 1 1.0
37 50 1.0
37 51 1.0
2 38 1.0
38 2 1.0
38 53 1.0
38 59 1.0
3 39 1.0
39 3 1.0
39 40 1.0
39 41 1.0
39 42 1.0
39 49 1.0
39 51 1.0
39 53 1.0
39 54 1.0
4 40 1.0
40 39 1.0
40 4 1.0
40 53 1.0
5 41 1.0
41 39 1.0
41 5 1.0
41 42 1.0
6 42 1.0
42 36 1.0
42 39 1.0
42 41 1.0
42 6 1.0
42 43 1.0
42 48 1.0
42 51 1.0
42 52 1.0
42 55 1.0
7 43 1.0
43 42 1.0
43 7 1.0
43 44 1.0
8 44 1.0
44 43 1.0
44 8 1.0
44 49 1.0
44 56 1.0
44 57 1.0
44 58 1.0
9 45 1.0
45 36 1.0
45 9 1.0
45 46 1.0
45 58 1.0
10 46 1.0
46 45 1.0
46 10 1.0
46 58 1.0
11 47 1.0
47 11 1.0
47 48 1.0
47 50 1.0
47 64 1.0
47 65 1.0
47 68 1.0
12 48 1.0
48 42 1.0
48 47 1.0
48 12 1.0
48 53 1.0
48 56 1.0
48 64 1.0
48 71 1.0
13 49 1.0
49 36 1.0
49 39 1.0
49 44 1.0
49 13 1.0
49 61 1.0
50 36 1.0
50 37 1.0
50 47 1.0
50 51 1.0
50 63 1.0
50 64 1.0
50 66 1.0
50 68 1.0
50 33 1.0
51 36 1.0
51 37 1.0
51 39 1.0
51 42 1.0
51 50 1.0
51 15 1.0
51 56 1.0
51 58 1.0
51 64 1.0
14 52 1.0
52 42 1.0
52 14 1.0
52 58 1.0
15 51 1.0
53 38 1.0
53 39 1.0
53 40 1.0
53 48 1.0
53 56 1.0
53 59 1.0
53 63 1.0
53 64 1.0
53 66 1.0
53 71 1.0
53 34 1.0
54 39 1.0
54 61 1.0
54 20 1.0
55 42 1.0
55 57 1.0
55 19 1.0
56 44 1.0
56 48 1.0
56 51 1.0
56 53 1.0
56 65 1.0
56 66 1.0
56 67 1.0
56 26 1.0
57 44 1.0
57 55 1.0
57 32 1.0
58 44 1.0
58 45 1.0
58 46 1.0
58 51 1.0
58 52 1.0
58 28 1.0
59 38 1.0
59 53 1.0
59 16 1.0
59 60 1.0
16 59 1.0
60 59 1.0
60 62 1.0
60 18 1.0
17 61 1.0
61 49 1.0
61 54 1.0
61 17 1.0
61 63 1.0
62 60 1.0
62 30 1.0
62 71 1.0
18 60 1.0
19 55 1.0
20 54 1.0
63 50 1.0
63 53 1.0
63 61 1.0
63 21 1.0
21 63 1.0
64 47 1.0
64 48 1.0
64 50 1.0
64 51 1.0
64 53 1.0
64 65 1.0
64 66 1.0
64 22 1.0
64 67 1.0
64 68 1.0
65 47 1.0
65 56 1.0
65 64 1.0
65 67 1.0
65 70 1.0
65 27 1.0
66 50 1.0
66 53 1.0
66 56 1.0
66 64 1.0
66 67 1.0
66 69 1.0
66 70 1.0
66 25 1.0
22 64 1.0
67 56 1.0
67 64 1.0
67 65 1.0
67 66 1.0
67 69 1.0
67 24 1.0
68 47 1.0
68 50 1.0
68 64 1.0
68 35 1.0
69 66 1.0
69 67 1.0
69 23 1.0
23 69 1.0
24 67 1.0
70 65 1.0
70 66 1.0
70 29 1.0
25 66 1.0
26 56 1.0
27 65 1.0
28 58 1.0
29 70 1.0
30 62 1.0
31 71 1.0
71 48 1.0
71 53 1.0
71 62 1.0
71 31 1.0
32 57 1.0
33 50 1.0
34 53 1.0
35 68 1.0
