64
146
0 32 1.0
32 0 1.0
32 33 1.0
32 42 1.0
1 33 1.0
33 32 1.0
33 1 1.0
33 46 1.0
2 34 1.0
34 2 1.0
34 43 1.0
34 44 1.0
34 61 1.0
34 63 1.0
3 35 1.0
35 3 1.0
35 36 1.0
35 44 1.0
4 36 1.0
36 35 1.0
36 4 1.0
36 37 1.0
36 38 1.0
36 40 1.0
36 43 1.0
36 44 1.0
5 37 1.0
37 36 1.0
37 5 1.0
37 40 1.0
6 38 1.0
38 36 1.0
38 6 1.0
38 39 1.0
38 44 1.0
38 49 1.0
38 50 1.0
38 51 1.0
38 52 1.0
7 39 1.0
39 38 1.0
39 7 1.0
39 40 1.0
8 40 1.0
40 36 1.0
40 37 1.0
40 39 1.0
40 8 1.0
40 41 1.0
40 53 1.0
9 41 1.0
41 40 1.0
41 9 1.0
41 42 1.0
10 42 1.0
42 32 1.0
42 41 1.0
42 10 1.0
42 46 1.0
42 54 1.0
11 43 1.0
43 34 1.0
43 36 1.0
43 11 1.0
12 44 1.0
44 34 1.0
44 35 1.0
44 36 1.0
44 38 1.0
44 12 1.0
44 62 1.0
13 45 1.0
45 13 1.0
45 53 1.0
46 33 1.0
46 42 1.0
46 53 1.0
46 59 1.0
46 24 1.0
14 47 1.0
47 14 1.0
47 51 1.0
47 58 1.0
47 62 1.0
15 48 1.0
48 15 1.0
48 62 1.0
49 38 1.0
49 20 1.0
50 38 1.0
50 19 1.0
51 38 1.0
51 47 1.0
51 17 1.0
51 56 1.0
51 57 1.0
51 58 1.0
52 38 1.0
52 18 1.0
53 40 1.0
53 45 1.0
53 46 1.0
53 54 1.0
53 55 1.0
53 26 1.0
54 42 1.0
54 53 1.0
54 22 1.0
16 55 1.0
55 53 1.0
55 16 1.0
17 51 1.0
56 51 1.0
56 21 1.0
57 51 1.0
57 23 1.0
58 47 1.0
58 51 1.0
58 28 1.0
18 52 1.0
19 50 1.0
20 49 1.0
21 56 1.0
22 54 1.0
23 57 1.0
59 46 1.0
59 60 1.0
59 25 1.0
24 46 1.0
60 59 1.0
60 27 1.0
25 59 1.0
26 53 1.0
27 60 1.0
28 58 1.0
29 61 1.0
61 34 1.0
61 29 1.0
62 44 1.0
62 47 1.0
62 48 1.0
62 30 1.0
63 34 1.0
63 31 1.0
30 62 1.0
31 63 1.0
