88
174
44 0 1.0
44 45 1.0
0 44 1.0
45 44 1.0
45 47 1.0
45 49 1.0
45 50 1.0
45 51 1.0
45 52 1.0
45 53 1.0
45 55 1.0
45 61 1.0
45 65 1.0
45 72 1.0
45 73 1.0
45 74 1.0
45 75 1.0
45 77 1.0
45 79 1.0
45 31 1.0
45 80 1.0
45 81 1.0
46 47 1.0
46 1 1.0
47 45 1.0
47 46 1.0
47 25 1.0
1 46 1.0
2 48 1.0
48 2 1.0
48 61 1.0
3 49 1.0
49 45 1.0
49 3 1.0
49 56 1.0
49 57 1.0
49 58 1.0
49 59 1.0
50 45 1.0
50 4 1.0
4 50 1.0
5 51 1.0
51 45 1.0
51 5 1.0
6 52 1.0
52 45 1.0
52 6 1.0
53 45 1.0
53 7 1.0
7 53 1.0
8 54 1.0
54 8 1.0
54 65 1.0
54 66 1.0
55 45 1.0
55 9 1.0
9 55 1.0
56 49 1.0
56 28 1.0
57 49 1.0
57 29 1.0
57 78 1.0
58 49 1.0
58 23 1.0
59 49 1.0
59 22 1.0
60 10 1.0
60 61 1.0
10 60 1.0
61 45 1.0
61 48 1.0
61 60 1.0
61 63 1.0
61 67 1.0
61 68 1.0
61 84 1.0
61 85 1.0
61 86 1.0
61 43 1.0
62 11 1.0
62 63 1.0
11 62 1.0
63 61 1.0
63 62 1.0
63 16 1.0
64 65 1.0
64 12 1.0
65 45 1.0
65 54 1.0
65 64 1.0
65 69 1.0
65 70 1.0
65 71 1.0
65 82 1.0
65 83 1.0
65 39 1.0
65 87 1.0
12 64 1.0
66 54 1.0
66 13 1.0
13 66 1.0
67 61 1.0
67 14 1.0
14 67 1.0
68 61 1.0
68 15 1.0
15 68 1.0
16 63 1.0
69 65 1.0
69 17 1.0
17 69 1.0
70 65 1.0
70 18 1.0
18 70 1.0
71 65 1.0
71 19 1.0
19 71 1.0
20 72 1.0
72 45 1.0
72 20 1.0
21 73 1.0
73 45 1.0
73 21 1.0
22 59 1.0
23 58 1.0
24 74 1.0
74 45 1.0
74 24 1.0
25 47 1.0
75 45 1.0
75 76 1.0
75 26 1.0
76 75 1.0
76 37 1.0
26 75 1.0
77 45 1.0
77 27 1.0
27 77 1.0
28 56 1.0
29 57 1.0
78 57 1.0
78 35 1.0
79 45 1.0
79 30 1.0
30 79 1.0
31 45 1.0
80 45 1.0
80 36 1.0
81 45 1.0
81 34 1.0
82 65 1.0
82 32 1.0
32 82 1.0
83 65 1.0
83 33 1.0
33 83 1.0
34 81 1.0
35 78 1.0
36 80 1.0
37 76 1.0
84 61 1.0
84 38 1.0
38 84 1.0
39 65 1.0
40 85 1.0
85 61 1.0
85 40 1.0
41 86 1.0
86 61 1.0
86 41 1.0
42 87 1.0
87 65 1.0
87 42 1.0
43 61 1.0
