78
166
0 39 1.0
39 0 1.0
39 47 1.0
1 40 1.0
40 1 1.0
40 46 1.0
40 47 1.0
40 50 1.0
40 53 1.0
40 54 1.0
2 41 1.0
41 2 1.0
41 59 1.0
3 42 1.0
42 3 1.0
42 60 1.0
4 43 1.0
43 4 1.0
43 44 1.0
43 57 1.0
43 58 1.0
43 59 1.0
5 44 1.0
44 43 1.0
44 5 1.0
44 45 1.0
44 46 1.0
44 59 1.0
44 61 1.0
44 62 1.0
6 45 1.0
45 44 1.0
45 6 1.0
7 46 1.0
46 40 1.0
46 44 1.0
46 7 1.0
46 47 1.0
46 49 1.0
8 47 1.0
47 39 1.0
47 40 1.0
47 46 1.0
47 8 1.0
47 48 1.0
47 49 1.0
47 59 1.0
47 60 1.0
47 63 1.0
47 64 1.0
9 48 1.0
48 47 1.0
48 9 1.0
10 49 1.0
49 46 1.0
49 47 1.0
49 10 1.0
11 50 1.0
50 40 1.0
50 11 1.0
50 77 1.0
12 51 1.0
51 12 1.0
51 59 1.0
13 52 1.0
52 13 1.0
52 60 1.0
53 40 1.0
53 27 1.0
54 40 1.0
54 38 1.0
14 55 1.0
55 14 1.0
55 59 1.0
15 56 1.0
56 15 1.0
56 60 1.0
57 43 1.0
57 35 1.0
58 43 1.0
58 76 1.0
58 28 1.0
59 41 1.0
59 43 1.0
59 44 1.0
59 47 1.0
59 51 1.0
59 55 1.0
59 65 1.0
59 66 1.0
59 67 1.0
59 68 1.0
59 69 1.0
59 16 1.0
59 70 1.0
59 71 1.0
60 42 1.0
60 47 1.0
60 52 1.0
60 56 1.0
60 70 1.0
60 23 1.0
61 44 1.0
61 65 1.0
61 36 1.0
62 44 1.0
62 31 1.0
63 47 1.0
63 22 1.0
64 47 1.0
64 29 1.0
65 59 1.0
65 61 1.0
65 73 1.0
65 18 1.0
65 74 1.0
66 59 1.0
66 26 1.0
67 59 1.0
67 34 1.0
68 59 1.0
68 25 1.0
69 59 1.0
69 37 1.0
16 59 1.0
70 59 1.0
70 60 1.0
70 75 1.0
70 32 1.0
71 59 1.0
71 72 1.0
71 20 1.0
17 72 1.0
72 71 1.0
72 17 1.0
73 65 1.0
73 33 1.0
18 65 1.0
74 65 1.0
74 24 1.0
19 75 1.0
75 70 1.0
75 19 1.0
20 71 1.0
76 58 1.0
76 21 1.0
21 76 1.0
22 63 1.0
23 60 1.0
24 74 1.0
25 68 1.0
26 66 1.0
27 53 1.0
28 58 1.0
29 64 1.0
77 50 1.0
77 30 1.0
30 77 1.0
31 62 1.0
32 70 1.0
33 73 1.0
34 67 1.0
35 57 1.0
36 61 1.0
37 69 1.0
38 54 1.0
