88
190
44 45 1.0
44 46 1.0
44 47 1.0
44 48 1.0
44 49 1.0
44 0 1.0
45 44 1.0
45 48 1.0
45 78 1.0
45 23 1.0
45 85 1.0
45 87 1.0
46 44 1.0
46 50 1.0
46 59 1.0
46 60 1.0
46 25 1.0
47 44 1.0
47 18 1.0
48 44 1.0
48 45 1.0
48 49 1.0
48 50 1.0
48 51 1.0
48 6 1.0
48 63 1.0
48 64 1.0
48 65 1.0
48 66 1.0
48 67 1.0
48 68 1.0
48 69 1.0
48 70 1.0
48 71 1.0
48 72 1.0
48 73 1.0
48 74 1.0
48 75 1.0
49 44 1.0
49 48 1.0
49 61 1.0
49 5 1.0
49 66 1.0
0 44 1.0
50 46 1.0
50 48 1.0
50 1 1.0
50 51 1.0
50 52 1.0
50 53 1.0
50 54 1.0
50 55 1.0
50 56 1.0
50 57 1.0
50 58 1.0
50 59 1.0
50 60 1.0
1 50 1.0
51 48 1.0
51 50 1.0
51 3 1.0
51 63 1.0
51 76 1.0
51 77 1.0
52 50 1.0
52 16 1.0
53 50 1.0
53 38 1.0
54 50 1.0
54 8 1.0
55 50 1.0
55 7 1.0
56 50 1.0
56 14 1.0
57 50 1.0
57 20 1.0
58 50 1.0
58 10 1.0
59 46 1.0
59 50 1.0
59 4 1.0
59 62 1.0
60 46 1.0
60 50 1.0
60 79 1.0
60 81 1.0
60 21 1.0
60 86 1.0
2 61 1.0
61 49 1.0
61 2 1.0
3 51 1.0
4 59 1.0
62 59 1.0
62 41 1.0
5 49 1.0
6 48 1.0
7 55 1.0
8 54 1.0
63 48 1.0
63 51 1.0
63 30 1.0
63 84 1.0
64 48 1.0
64 34 1.0
65 48 1.0
65 24 1.0
66 48 1.0
66 49 1.0
66 82 1.0
66 83 1.0
66 26 1.0
67 48 1.0
67 13 1.0
68 48 1.0
68 32 1.0
69 48 1.0
69 35 1.0
70 48 1.0
70 29 1.0
71 48 1.0
71 42 1.0
72 48 1.0
72 28 1.0
73 48 1.0
73 43 1.0
74 48 1.0
74 9 1.0
75 48 1.0
75 12 1.0
9 74 1.0
76 51 1.0
76 39 1.0
77 51 1.0
77 22 1.0
10 58 1.0
78 45 1.0
78 11 1.0
11 78 1.0
12 75 1.0
13 67 1.0
14 56 1.0
79 60 1.0
79 15 1.0
15 79 1.0
16 52 1.0
80 17 1.0
80 81 1.0
17 80 1.0
81 60 1.0
81 80 1.0
81 37 1.0
18 47 1.0
82 66 1.0
82 19 1.0
19 82 1.0
20 57 1.0
21 60 1.0
22 77 1.0
23 45 1.0
24 65 1.0
25 46 1.0
83 66 1.0
83 27 1.0
26 66 1.0
27 83 1.0
28 72 1.0
29 70 1.0
30 63 1.0
84 63 1.0
84 31 1.0
31 84 1.0
32 68 1.0
85 45 1.0
85 33 1.0
33 85 1.0
34 64 1.0
35 69 1.0
86 60 1.0
86 36 1.0
36 86 1.0
37 81 1.0
38 53 1.0
87 45 1.0
87 40 1.0
39 76 1.0
40 87 1.0
41 62 1.0
42 71 1.0
43 73 1.0
