104
230
52 53 1.0
52 54 1.0
52 55 1.0
52 56 1.0
52 0 1.0
52 57 1.0
53 52 1.0
53 54 1.0
53 71 1.0
53 12 1.0
53 87 1.0
53 95 1.0
54 52 1.0
54 53 1.0
54 56 1.0
54 58 1.0
54 71 1.0
54 73 1.0
54 75 1.0
54 77 1.0
54 78 1.0
54 13 1.0
54 79 1.0
54 84 1.0
54 86 1.0
54 88 1.0
54 89 1.0
54 90 1.0
54 91 1.0
54 92 1.0
54 93 1.0
54 94 1.0
55 52 1.0
55 61 1.0
55 97 1.0
55 22 1.0
55 99 1.0
56 52 1.0
56 54 1.0
56 31 1.0
56 100 1.0
56 103 1.0
0 52 1.0
57 52 1.0
57 24 1.0
58 54 1.0
58 59 1.0
58 60 1.0
58 61 1.0
58 62 1.0
58 63 1.0
58 64 1.0
58 65 1.0
58 66 1.0
58 67 1.0
58 68 1.0
58 1 1.0
58 69 1.0
58 70 1.0
59 58 1.0
59 48 1.0
60 58 1.0
60 61 1.0
60 8 1.0
60 76 1.0
61 55 1.0
61 58 1.0
61 60 1.0
61 69 1.0
61 33 1.0
62 58 1.0
62 43 1.0
63 58 1.0
63 18 1.0
64 58 1.0
64 20 1.0
65 58 1.0
65 2 1.0
65 83 1.0
65 102 1.0
66 58 1.0
66 11 1.0
67 58 1.0
67 51 1.0
68 58 1.0
68 28 1.0
1 58 1.0
69 58 1.0
69 61 1.0
69 97 1.0
69 98 1.0
69 29 1.0
69 101 1.0
70 58 1.0
70 46 1.0
2 65 1.0
3 71 1.0
71 53 1.0
71 54 1.0
71 3 1.0
71 72 1.0
71 85 1.0
4 72 1.0
72 71 1.0
72 4 1.0
72 85 1.0
5 73 1.0
73 54 1.0
73 5 1.0
73 79 1.0
73 86 1.0
6 74 1.0
74 6 1.0
74 85 1.0
74 86 1.0
7 75 1.0
75 54 1.0
75 7 1.0
8 60 1.0
76 60 1.0
76 47 1.0
9 77 1.0
77 54 1.0
77 9 1.0
10 78 1.0
78 54 1.0
78 10 1.0
11 66 1.0
12 53 1.0
13 54 1.0
79 54 1.0
79 73 1.0
79 80 1.0
79 14 1.0
79 81 1.0
79 82 1.0
79 83 1.0
80 79 1.0
80 37 1.0
14 79 1.0
81 79 1.0
81 45 1.0
82 79 1.0
82 40 1.0
83 65 1.0
83 79 1.0
83 30 1.0
84 54 1.0
84 15 1.0
15 84 1.0
85 71 1.0
85 72 1.0
85 74 1.0
85 25 1.0
86 54 1.0
86 73 1.0
86 74 1.0
86 26 1.0
16 87 1.0
87 53 1.0
87 16 1.0
88 54 1.0
88 17 1.0
17 88 1.0
89 54 1.0
89 42 1.0
90 54 1.0
90 36 1.0
91 54 1.0
91 34 1.0
92 54 1.0
92 27 1.0
93 54 1.0
93 44 1.0
94 54 1.0
94 49 1.0
95 53 1.0
95 23 1.0
18 63 1.0
96 97 1.0
96 19 1.0
97 55 1.0
97 69 1.0
97 96 1.0
97 39 1.0
19 96 1.0
20 64 1.0
98 69 1.0
98 21 1.0
21 98 1.0
22 55 1.0
99 55 1.0
99 32 1.0
23 95 1.0
24 57 1.0
25 85 1.0
26 86 1.0
27 92 1.0
28 68 1.0
29 69 1.0
30 83 1.0
31 56 1.0
32 99 1.0
33 61 1.0
34 91 1.0
100 56 1.0
100 35 1.0
35 100 1.0
36 90 1.0
37 80 1.0
101 69 1.0
101 38 1.0
38 101 1.0
39 97 1.0
40 82 1.0
102 65 1.0
102 41 1.0
41 102 1.0
42 89 1.0
43 62 1.0
44 93 1.0
45 81 1.0
46 70 1.0
103 56 1.0
103 50 1.0
47 76 1.0
48 59 1.0
49 94 1.0
50 103 1.0
51 67 1.0
