84
216
42 43 1.0
42 44 1.0
42 0 1.0
43 42 1.0
43 44 1.0
43 45 1.0
43 50 1.0
43 51 1.0
43 52 1.0
43 53 1.0
43 56 1.0
43 57 1.0
43 58 1.0
43 59 1.0
43 60 1.0
43 61 1.0
43 14 1.0
43 62 1.0
43 63 1.0
43 64 1.0
43 65 1.0
43 66 1.0
43 67 1.0
43 68 1.0
44 42 1.0
44 43 1.0
44 45 1.0
44 51 1.0
44 52 1.0
44 57 1.0
44 58 1.0
44 59 1.0
44 61 1.0
44 62 1.0
44 64 1.0
44 25 1.0
0 42 1.0
1 45 1.0
45 43 1.0
45 44 1.0
45 1 1.0
45 46 1.0
45 47 1.0
45 54 1.0
45 56 1.0
45 58 1.0
45 61 1.0
45 64 1.0
45 68 1.0
45 71 1.0
45 72 1.0
45 73 1.0
45 74 1.0
2 46 1.0
46 45 1.0
46 2 1.0
46 58 1.0
3 47 1.0
47 45 1.0
47 3 1.0
4 48 1.0
48 4 1.0
48 62 1.0
5 49 1.0
49 5 1.0
49 50 1.0
6 50 1.0
50 43 1.0
50 49 1.0
50 6 1.0
50 74 1.0
7 51 1.0
51 43 1.0
51 44 1.0
51 7 1.0
8 52 1.0
52 43 1.0
52 44 1.0
52 8 1.0
9 53 1.0
53 43 1.0
53 9 1.0
10 54 1.0
54 45 1.0
54 10 1.0
11 55 1.0
55 11 1.0
55 68 1.0
12 56 1.0
56 43 1.0
56 45 1.0
56 12 1.0
56 61 1.0
56 76 1.0
13 57 1.0
57 43 1.0
57 44 1.0
57 13 1.0
58 43 1.0
58 44 1.0
58 45 1.0
58 46 1.0
58 64 1.0
58 74 1.0
58 83 1.0
58 40 1.0
59 43 1.0
59 44 1.0
59 35 1.0
60 43 1.0
60 19 1.0
61 43 1.0
61 44 1.0
61 45 1.0
61 56 1.0
61 68 1.0
61 69 1.0
61 70 1.0
61 74 1.0
61 75 1.0
61 18 1.0
61 79 1.0
61 80 1.0
61 81 1.0
61 82 1.0
14 43 1.0
62 43 1.0
62 44 1.0
62 48 1.0
62 36 1.0
63 43 1.0
63 30 1.0
64 43 1.0
64 44 1.0
64 45 1.0
64 58 1.0
64 69 1.0
64 78 1.0
64 38 1.0
65 43 1.0
65 39 1.0
66 43 1.0
66 24 1.0
67 43 1.0
67 21 1.0
68 43 1.0
68 45 1.0
68 55 1.0
68 61 1.0
68 77 1.0
68 26 1.0
15 69 1.0
69 61 1.0
69 64 1.0
69 15 1.0
16 70 1.0
70 61 1.0
70 16 1.0
71 45 1.0
71 41 1.0
72 45 1.0
72 22 1.0
73 45 1.0
73 29 1.0
74 45 1.0
74 50 1.0
74 58 1.0
74 61 1.0
74 81 1.0
74 82 1.0
74 32 1.0
17 75 1.0
75 61 1.0
75 17 1.0
18 61 1.0
19 60 1.0
20 76 1.0
76 56 1.0
76 20 1.0
21 67 1.0
22 72 1.0
77 68 1.0
77 23 1.0
23 77 1.0
24 66 1.0
25 44 1.0
26 68 1.0
78 64 1.0
78 27 1.0
27 78 1.0
79 61 1.0
79 28 1.0
28 79 1.0
29 73 1.0
30 63 1.0
80 61 1.0
80 31 1.0
31 80 1.0
81 61 1.0
81 74 1.0
81 33 1.0
82 61 1.0
82 74 1.0
82 34 1.0
32 74 1.0
33 81 1.0
34 82 1.0
35 59 1.0
36 62 1.0
37 83 1.0
83 58 1.0
83 37 1.0
38 64 1.0
39 65 1.0
40 58 1.0
41 71 1.0
