30
66
0 15 1.0
15 0 1.0
15 22 1.0
1 16 1.0
16 1 1.0
16 25 1.0
16 26 1.0
2 17 1.0
17 2 1.0
17 18 1.0
3 18 1.0
18 17 1.0
18 3 1.0
18 19 1.0
18 20 1.0
18 27 1.0
4 19 1.0
19 18 1.0
19 4 1.0
5 20 1.0
20 18 1.0
20 5 1.0
20 23 1.0
6 21 1.0
21 6 1.0
21 27 1.0
7 22 1.0
22 15 1.0
22 7 1.0
22 26 1.0
22 27 1.0
8 23 1.0
23 20 1.0
23 8 1.0
23 28 1.0
9 24 1.0
24 9 1.0
24 27 1.0
25 16 1.0
25 26 1.0
25 12 1.0
26 16 1.0
26 22 1.0
26 25 1.0
26 27 1.0
26 28 1.0
26 13 1.0
27 18 1.0
27 21 1.0
27 22 1.0
27 24 1.0
27 26 1.0
27 28 1.0
27 14 1.0
28 23 1.0
28 26 1.0
28 27 1.0
28 29 1.0
28 11 1.0
29 28 1.0
29 10 1.0
10 29 1.0
11 28 1.0
12 25 1.0
13 26 1.0
14 27 1.0
