140
310
70 71 1.0
70 0 1.0
70 72 1.0
71 70 1.0
71 109 1.0
71 133 1.0
71 69 1.0
0 70 1.0
72 70 1.0
72 73 1.0
72 50 1.0
72 134 1.0
72 135 1.0
72 136 1.0
73 72 1.0
73 74 1.0
73 1 1.0
74 73 1.0
74 81 1.0
74 11 1.0
1 73 1.0
2 75 1.0
75 2 1.0
75 76 1.0
75 125 1.0
75 139 1.0
3 76 1.0
76 75 1.0
76 3 1.0
76 88 1.0
76 111 1.0
4 77 1.0
77 4 1.0
77 80 1.0
77 109 1.0
77 110 1.0
5 78 1.0
78 5 1.0
78 79 1.0
78 87 1.0
78 105 1.0
78 114 1.0
6 79 1.0
79 78 1.0
79 6 1.0
79 102 1.0
79 104 1.0
79 107 1.0
7 80 1.0
80 77 1.0
80 7 1.0
81 74 1.0
81 82 1.0
81 8 1.0
81 83 1.0
81 84 1.0
82 81 1.0
82 88 1.0
82 89 1.0
82 14 1.0
82 90 1.0
8 81 1.0
83 81 1.0
83 97 1.0
83 40 1.0
84 81 1.0
84 41 1.0
9 85 1.0
85 9 1.0
85 86 1.0
85 112 1.0
10 86 1.0
86 85 1.0
86 10 1.0
86 93 1.0
11 74 1.0
12 87 1.0
87 78 1.0
87 12 1.0
87 107 1.0
87 114 1.0
13 88 1.0
88 76 1.0
88 82 1.0
88 13 1.0
88 95 1.0
89 82 1.0
89 94 1.0
89 95 1.0
89 21 1.0
14 82 1.0
90 82 1.0
90 91 1.0
90 15 1.0
91 90 1.0
91 92 1.0
91 16 1.0
91 93 1.0
15 90 1.0
92 91 1.0
92 106 1.0
92 43 1.0
16 91 1.0
93 86 1.0
93 91 1.0
93 52 1.0
94 89 1.0
94 95 1.0
94 96 1.0
94 17 1.0
95 88 1.0
95 89 1.0
95 94 1.0
95 46 1.0
96 94 1.0
96 108 1.0
96 138 1.0
96 139 1.0
96 67 1.0
17 94 1.0
97 83 1.0
97 18 1.0
97 98 1.0
97 99 1.0
18 97 1.0
98 97 1.0
98 100 1.0
98 101 1.0
98 54 1.0
99 97 1.0
99 108 1.0
99 68 1.0
100 98 1.0
100 19 1.0
19 100 1.0
101 98 1.0
101 20 1.0
20 101 1.0
21 89 1.0
102 79 1.0
102 103 1.0
102 22 1.0
102 104 1.0
102 105 1.0
103 102 1.0
103 23 1.0
103 106 1.0
22 102 1.0
104 79 1.0
104 102 1.0
104 61 1.0
105 78 1.0
105 102 1.0
105 59 1.0
23 103 1.0
106 92 1.0
106 103 1.0
106 42 1.0
107 79 1.0
107 87 1.0
107 126 1.0
107 130 1.0
107 58 1.0
24 108 1.0
108 96 1.0
108 99 1.0
108 24 1.0
109 71 1.0
109 77 1.0
109 132 1.0
109 47 1.0
110 77 1.0
110 123 1.0
110 126 1.0
110 62 1.0
111 76 1.0
111 125 1.0
111 37 1.0
112 85 1.0
112 113 1.0
112 134 1.0
112 53 1.0
113 112 1.0
113 114 1.0
113 25 1.0
114 78 1.0
114 87 1.0
114 113 1.0
114 60 1.0
25 113 1.0
26 115 1.0
115 26 1.0
115 117 1.0
115 118 1.0
27 116 1.0
116 27 1.0
116 118 1.0
116 123 1.0
28 117 1.0
117 115 1.0
117 28 1.0
117 132 1.0
29 118 1.0
118 115 1.0
118 116 1.0
118 29 1.0
30 119 1.0
119 30 1.0
119 120 1.0
119 121 1.0
119 122 1.0
31 120 1.0
120 119 1.0
120 31 1.0
32 121 1.0
121 119 1.0
121 32 1.0
121 131 1.0
33 122 1.0
122 119 1.0
122 33 1.0
34 123 1.0
123 110 1.0
123 116 1.0
123 34 1.0
123 131 1.0
35 124 1.0
124 35 1.0
124 128 1.0
124 131 1.0
125 75 1.0
125 111 1.0
125 36 1.0
36 125 1.0
37 111 1.0
126 107 1.0
126 110 1.0
126 127 1.0
126 38 1.0
127 126 1.0
127 45 1.0
38 126 1.0
128 124 1.0
128 39 1.0
128 129 1.0
39 128 1.0
129 128 1.0
129 44 1.0
129 130 1.0
40 83 1.0
41 84 1.0
42 106 1.0
43 92 1.0
44 129 1.0
130 107 1.0
130 129 1.0
130 65 1.0
45 127 1.0
131 121 1.0
131 123 1.0
131 124 1.0
131 63 1.0
132 109 1.0
132 117 1.0
132 48 1.0
132 133 1.0
46 95 1.0
47 109 1.0
48 132 1.0
49 133 1.0
133 71 1.0
133 132 1.0
133 49 1.0
133 135 1.0
50 72 1.0
51 134 1.0
134 72 1.0
134 112 1.0
134 51 1.0
52 93 1.0
53 112 1.0
54 98 1.0
135 72 1.0
135 133 1.0
135 55 1.0
55 135 1.0
136 72 1.0
136 137 1.0
136 56 1.0
137 136 1.0
137 57 1.0
56 136 1.0
57 137 1.0
58 107 1.0
59 105 1.0
60 114 1.0
61 104 1.0
62 110 1.0
63 131 1.0
138 96 1.0
138 64 1.0
64 138 1.0
65 130 1.0
66 139 1.0
139 75 1.0
139 96 1.0
139 66 1.0
67 96 1.0
68 99 1.0
69 71 1.0
