60
118
0 30 1.0
30 0 1.0
30 44 1.0
1 31 1.0
31 1 1.0
31 44 1.0
2 32 1.0
32 2 1.0
32 42 1.0
3 33 1.0
33 3 1.0
33 45 1.0
4 34 1.0
34 4 1.0
34 44 1.0
5 35 1.0
35 5 1.0
35 46 1.0
6 36 1.0
36 6 1.0
36 46 1.0
7 37 1.0
37 7 1.0
37 38 1.0
37 40 1.0
37 44 1.0
8 38 1.0
38 37 1.0
38 8 1.0
38 39 1.0
9 39 1.0
39 38 1.0
39 9 1.0
10 40 1.0
40 37 1.0
40 10 1.0
11 41 1.0
41 11 1.0
41 42 1.0
41 59 1.0
12 42 1.0
42 32 1.0
42 41 1.0
42 12 1.0
42 44 1.0
42 45 1.0
42 46 1.0
42 57 1.0
42 58 1.0
13 43 1.0
43 13 1.0
43 45 1.0
44 30 1.0
44 31 1.0
44 34 1.0
44 37 1.0
44 42 1.0
44 14 1.0
44 47 1.0
44 48 1.0
44 49 1.0
44 50 1.0
44 51 1.0
44 52 1.0
44 53 1.0
44 54 1.0
44 55 1.0
44 56 1.0
14 44 1.0
15 45 1.0
45 33 1.0
45 42 1.0
45 43 1.0
45 15 1.0
46 35 1.0
46 36 1.0
46 42 1.0
46 16 1.0
16 46 1.0
47 44 1.0
47 17 1.0
17 47 1.0
48 44 1.0
48 18 1.0
18 48 1.0
49 44 1.0
49 19 1.0
19 49 1.0
50 44 1.0
50 20 1.0
20 50 1.0
51 44 1.0
51 21 1.0
21 51 1.0
52 44 1.0
52 22 1.0
22 52 1.0
53 44 1.0
53 23 1.0
23 53 1.0
54 44 1.0
54 24 1.0
24 54 1.0
55 44 1.0
55 25 1.0
25 55 1.0
56 44 1.0
56 26 1.0
26 56 1.0
27 57 1.0
57 42 1.0
57 27 1.0
58 42 1.0
58 28 1.0
59 41 1.0
59 29 1.0
28 58 1.0
29 59 1.0
