56
118
0 28 1.0
28 0 1.0
28 29 1.0
28 38 1.0
1 29 1.0
29 28 1.0
29 1 1.0
29 42 1.0
2 30 1.0
30 2 1.0
30 43 1.0
30 54 1.0
3 31 1.0
31 3 1.0
31 35 1.0
31 43 1.0
4 32 1.0
32 4 1.0
32 33 1.0
32 35 1.0
5 33 1.0
33 32 1.0
33 5 1.0
33 34 1.0
6 34 1.0
34 33 1.0
34 6 1.0
34 44 1.0
34 45 1.0
7 35 1.0
35 31 1.0
35 32 1.0
35 7 1.0
35 36 1.0
8 36 1.0
36 35 1.0
36 8 1.0
36 37 1.0
9 37 1.0
37 36 1.0
37 9 1.0
37 38 1.0
10 38 1.0
38 28 1.0
38 37 1.0
38 10 1.0
11 39 1.0
39 11 1.0
39 46 1.0
39 55 1.0
12 40 1.0
40 12 1.0
40 41 1.0
40 48 1.0
13 41 1.0
41 40 1.0
41 13 1.0
41 46 1.0
42 29 1.0
42 51 1.0
42 53 1.0
42 22 1.0
43 30 1.0
43 31 1.0
43 15 1.0
43 47 1.0
44 34 1.0
44 49 1.0
44 17 1.0
45 34 1.0
45 54 1.0
45 25 1.0
45 55 1.0
14 46 1.0
46 39 1.0
46 41 1.0
46 14 1.0
15 43 1.0
47 43 1.0
47 48 1.0
47 26 1.0
48 40 1.0
48 47 1.0
48 16 1.0
16 48 1.0
49 44 1.0
49 50 1.0
49 51 1.0
49 18 1.0
17 44 1.0
50 49 1.0
50 52 1.0
50 19 1.0
51 42 1.0
51 49 1.0
51 23 1.0
18 49 1.0
52 50 1.0
52 20 1.0
52 53 1.0
19 50 1.0
20 52 1.0
53 42 1.0
53 52 1.0
53 21 1.0
21 53 1.0
22 42 1.0
23 51 1.0
54 30 1.0
54 45 1.0
54 24 1.0
24 54 1.0
25 45 1.0
55 39 1.0
55 45 1.0
55 27 1.0
26 47 1.0
27 55 1.0
