116
290
58 59 1.0
58 0 1.0
58 60 1.0
59 58 1.0
59 62 1.0
59 63 1.0
59 114 1.0
59 38 1.0
0 58 1.0
60 58 1.0
60 63 1.0
60 82 1.0
60 37 1.0
61 1 1.0
61 62 1.0
61 63 1.0
1 61 1.0
62 59 1.0
62 61 1.0
62 39 1.0
63 59 1.0
63 60 1.0
63 61 1.0
63 65 1.0
63 73 1.0
63 75 1.0
63 82 1.0
63 83 1.0
63 84 1.0
63 85 1.0
63 18 1.0
2 64 1.0
64 2 1.0
64 66 1.0
64 91 1.0
3 65 1.0
65 63 1.0
65 3 1.0
65 75 1.0
4 66 1.0
66 64 1.0
66 4 1.0
66 67 1.0
66 75 1.0
5 67 1.0
67 66 1.0
67 5 1.0
67 68 1.0
6 68 1.0
68 67 1.0
68 6 1.0
68 83 1.0
68 104 1.0
68 105 1.0
7 69 1.0
69 7 1.0
69 74 1.0
69 75 1.0
69 85 1.0
69 107 1.0
70 71 1.0
70 72 1.0
70 8 1.0
71 70 1.0
71 75 1.0
71 90 1.0
71 107 1.0
71 29 1.0
72 70 1.0
72 11 1.0
72 75 1.0
8 70 1.0
9 73 1.0
73 63 1.0
73 9 1.0
73 74 1.0
10 74 1.0
74 69 1.0
74 73 1.0
74 10 1.0
11 72 1.0
75 63 1.0
75 65 1.0
75 66 1.0
75 69 1.0
75 71 1.0
75 72 1.0
75 82 1.0
75 83 1.0
75 90 1.0
75 91 1.0
75 20 1.0
75 92 1.0
75 93 1.0
75 94 1.0
75 95 1.0
75 96 1.0
12 76 1.0
76 12 1.0
76 77 1.0
76 81 1.0
13 77 1.0
77 76 1.0
77 13 1.0
77 78 1.0
77 79 1.0
77 82 1.0
77 108 1.0
78 77 1.0
78 79 1.0
78 14 1.0
79 77 1.0
79 78 1.0
79 80 1.0
79 81 1.0
79 82 1.0
79 15 1.0
14 78 1.0
80 79 1.0
80 82 1.0
80 16 1.0
80 83 1.0
81 76 1.0
81 79 1.0
81 36 1.0
82 60 1.0
82 63 1.0
82 75 1.0
82 77 1.0
82 79 1.0
82 80 1.0
82 83 1.0
82 84 1.0
82 86 1.0
82 87 1.0
82 88 1.0
82 19 1.0
82 89 1.0
15 79 1.0
16 80 1.0
83 63 1.0
83 68 1.0
83 75 1.0
83 80 1.0
83 82 1.0
83 97 1.0
83 98 1.0
83 21 1.0
83 99 1.0
83 100 1.0
83 101 1.0
83 102 1.0
83 103 1.0
84 63 1.0
84 82 1.0
84 17 1.0
17 84 1.0
85 63 1.0
85 69 1.0
85 23 1.0
18 63 1.0
86 82 1.0
86 103 1.0
86 44 1.0
87 82 1.0
87 27 1.0
88 82 1.0
88 98 1.0
88 43 1.0
19 82 1.0
89 82 1.0
89 26 1.0
90 71 1.0
90 75 1.0
90 93 1.0
90 45 1.0
91 64 1.0
91 75 1.0
91 24 1.0
91 109 1.0
20 75 1.0
92 75 1.0
92 50 1.0
93 75 1.0
93 90 1.0
93 51 1.0
94 75 1.0
94 35 1.0
95 75 1.0
95 115 1.0
95 55 1.0
96 75 1.0
96 34 1.0
97 83 1.0
97 31 1.0
97 113 1.0
98 83 1.0
98 88 1.0
98 42 1.0
21 83 1.0
99 83 1.0
99 104 1.0
99 106 1.0
99 33 1.0
100 83 1.0
100 103 1.0
100 49 1.0
101 83 1.0
101 30 1.0
101 111 1.0
101 112 1.0
102 83 1.0
102 53 1.0
103 83 1.0
103 86 1.0
103 100 1.0
103 48 1.0
104 68 1.0
104 99 1.0
104 112 1.0
104 57 1.0
105 68 1.0
105 110 1.0
105 40 1.0
22 106 1.0
106 99 1.0
106 22 1.0
106 113 1.0
23 85 1.0
107 69 1.0
107 71 1.0
107 28 1.0
108 77 1.0
108 111 1.0
108 47 1.0
24 91 1.0
109 91 1.0
109 25 1.0
109 110 1.0
25 109 1.0
110 105 1.0
110 109 1.0
110 41 1.0
26 89 1.0
27 87 1.0
28 107 1.0
29 71 1.0
30 101 1.0
111 101 1.0
111 108 1.0
111 46 1.0
112 101 1.0
112 104 1.0
112 56 1.0
31 97 1.0
113 97 1.0
113 106 1.0
113 52 1.0
113 115 1.0
114 59 1.0
114 32 1.0
32 114 1.0
33 99 1.0
34 96 1.0
35 94 1.0
36 81 1.0
37 60 1.0
38 59 1.0
39 62 1.0
40 105 1.0
41 110 1.0
42 98 1.0
43 88 1.0
44 86 1.0
45 90 1.0
46 111 1.0
47 108 1.0
48 103 1.0
49 100 1.0
50 92 1.0
51 93 1.0
52 113 1.0
115 95 1.0
115 113 1.0
115 54 1.0
53 102 1.0
54 115 1.0
55 95 1.0
56 112 1.0
57 104 1.0
