386
688
0 193 1.0
193 0 1.0
193 196 1.0
1 194 1.0
194 1 1.0
194 199 1.0
194 291 1.0
2 195 1.0
195 2 1.0
195 196 1.0
195 201 1.0
3 196 1.0
196 193 1.0
196 195 1.0
196 3 1.0
196 269 1.0
4 197 1.0
197 4 1.0
5 198 1.0
198 5 1.0
198 200 1.0
198 245 1.0
198 261 1.0
6 199 1.0
199 194 1.0
199 6 1.0
199 200 1.0
7 200 1.0
200 198 1.0
200 199 1.0
200 7 1.0
8 201 1.0
201 195 1.0
201 8 1.0
201 291 1.0
9 202 1.0
202 9 1.0
203 204 1.0
203 10 1.0
204 203 1.0
204 207 1.0
204 211 1.0
204 84 1.0
10 203 1.0
205 206 1.0
205 207 1.0
205 11 1.0
206 205 1.0
206 213 1.0
206 17 1.0
206 214 1.0
207 204 1.0
207 205 1.0
207 18 1.0
11 205 1.0
208 209 1.0
208 12 1.0
209 208 1.0
209 211 1.0
209 19 1.0
209 215 1.0
12 208 1.0
210 13 1.0
13 210 1.0
211 204 1.0
211 209 1.0
211 14 1.0
14 211 1.0
212 15 1.0
15 212 1.0
213 206 1.0
213 16 1.0
16 213 1.0
17 206 1.0
214 206 1.0
214 298 1.0
214 94 1.0
18 207 1.0
19 209 1.0
215 209 1.0
215 107 1.0
215 317 1.0
20 216 1.0
216 20 1.0
216 217 1.0
216 219 1.0
21 217 1.0
217 216 1.0
217 21 1.0
217 301 1.0
22 218 1.0
218 22 1.0
218 221 1.0
23 219 1.0
219 216 1.0
219 23 1.0
219 221 1.0
24 220 1.0
220 24 1.0
220 221 1.0
220 223 1.0
25 221 1.0
221 218 1.0
221 219 1.0
221 220 1.0
221 25 1.0
26 222 1.0
222 26 1.0
27 223 1.0
223 220 1.0
223 27 1.0
223 302 1.0
28 224 1.0
224 28 1.0
224 231 1.0
224 237 1.0
29 225 1.0
225 29 1.0
30 226 1.0
226 30 1.0
226 228 1.0
226 260 1.0
31 227 1.0
227 31 1.0
227 228 1.0
227 296 1.0
32 228 1.0
228 226 1.0
228 227 1.0
228 32 1.0
229 33 1.0
33 229 1.0
230 34 1.0
34 230 1.0
231 224 1.0
231 232 1.0
231 35 1.0
232 231 1.0
232 234 1.0
232 235 1.0
232 37 1.0
35 231 1.0
233 36 1.0
36 233 1.0
234 232 1.0
234 38 1.0
235 232 1.0
235 277 1.0
235 70 1.0
37 232 1.0
38 234 1.0
236 39 1.0
39 236 1.0
237 224 1.0
237 40 1.0
237 238 1.0
40 237 1.0
238 237 1.0
238 304 1.0
238 330 1.0
238 161 1.0
239 41 1.0
41 239 1.0
240 42 1.0
240 241 1.0
240 242 1.0
42 240 1.0
241 240 1.0
241 338 1.0
241 188 1.0
242 240 1.0
242 327 1.0
242 354 1.0
242 174 1.0
43 243 1.0
243 43 1.0
44 244 1.0
244 44 1.0
45 245 1.0
245 198 1.0
245 45 1.0
245 353 1.0
46 246 1.0
246 46 1.0
47 247 1.0
247 47 1.0
247 369 1.0
247 370 1.0
48 248 1.0
248 48 1.0
248 249 1.0
248 305 1.0
49 249 1.0
249 248 1.0
249 49 1.0
249 371 1.0
50 250 1.0
250 50 1.0
51 251 1.0
251 51 1.0
52 252 1.0
252 52 1.0
53 253 1.0
253 53 1.0
54 254 1.0
254 54 1.0
55 255 1.0
255 55 1.0
256 257 1.0
256 56 1.0
256 258 1.0
256 259 1.0
257 256 1.0
257 260 1.0
257 261 1.0
257 262 1.0
257 57 1.0
56 256 1.0
258 256 1.0
258 176 1.0
258 380 1.0
259 256 1.0
259 63 1.0
260 226 1.0
260 257 1.0
260 261 1.0
260 58 1.0
260 263 1.0
261 198 1.0
261 257 1.0
261 260 1.0
261 353 1.0
261 184 1.0
262 257 1.0
262 329 1.0
262 151 1.0
57 257 1.0
58 260 1.0
263 260 1.0
263 186 1.0
264 59 1.0
264 265 1.0
264 266 1.0
59 264 1.0
265 264 1.0
265 270 1.0
265 310 1.0
265 132 1.0
266 264 1.0
266 303 1.0
266 101 1.0
267 60 1.0
60 267 1.0
268 269 1.0
268 270 1.0
268 61 1.0
269 196 1.0
269 268 1.0
269 64 1.0
270 265 1.0
270 268 1.0
270 62 1.0
61 268 1.0
62 270 1.0
63 259 1.0
64 269 1.0
271 272 1.0
271 65 1.0
272 271 1.0
272 276 1.0
272 283 1.0
272 83 1.0
272 291 1.0
65 271 1.0
273 66 1.0
66 273 1.0
274 67 1.0
67 274 1.0
275 68 1.0
68 275 1.0
276 272 1.0
276 69 1.0
276 277 1.0
276 278 1.0
69 276 1.0
277 235 1.0
277 276 1.0
277 281 1.0
277 128 1.0
278 276 1.0
278 282 1.0
278 75 1.0
70 235 1.0
279 71 1.0
71 279 1.0
280 72 1.0
280 281 1.0
72 280 1.0
281 277 1.0
281 280 1.0
281 73 1.0
73 281 1.0
282 278 1.0
282 74 1.0
74 282 1.0
75 278 1.0
76 283 1.0
283 272 1.0
283 76 1.0
77 284 1.0
284 77 1.0
78 285 1.0
285 78 1.0
285 286 1.0
285 289 1.0
79 286 1.0
286 285 1.0
286 79 1.0
286 309 1.0
80 287 1.0
287 80 1.0
287 324 1.0
287 325 1.0
287 326 1.0
287 327 1.0
81 288 1.0
288 81 1.0
82 289 1.0
289 285 1.0
289 82 1.0
83 272 1.0
84 204 1.0
85 290 1.0
290 85 1.0
290 302 1.0
290 322 1.0
290 323 1.0
291 194 1.0
291 201 1.0
291 272 1.0
291 129 1.0
86 292 1.0
292 86 1.0
87 293 1.0
293 87 1.0
88 294 1.0
294 88 1.0
89 295 1.0
295 89 1.0
90 296 1.0
296 227 1.0
296 90 1.0
296 297 1.0
296 330 1.0
296 331 1.0
91 297 1.0
297 296 1.0
297 91 1.0
297 329 1.0
92 298 1.0
298 214 1.0
298 92 1.0
298 299 1.0
93 299 1.0
299 298 1.0
299 93 1.0
299 328 1.0
94 214 1.0
95 300 1.0
300 95 1.0
301 217 1.0
301 320 1.0
301 156 1.0
302 223 1.0
302 290 1.0
302 119 1.0
303 266 1.0
303 96 1.0
96 303 1.0
304 238 1.0
304 97 1.0
304 305 1.0
304 306 1.0
97 304 1.0
305 248 1.0
305 304 1.0
305 308 1.0
305 311 1.0
305 102 1.0
306 304 1.0
306 104 1.0
307 98 1.0
98 307 1.0
308 305 1.0
308 99 1.0
99 308 1.0
309 286 1.0
309 310 1.0
309 100 1.0
310 265 1.0
310 309 1.0
310 175 1.0
310 380 1.0
100 309 1.0
101 266 1.0
311 305 1.0
311 103 1.0
102 305 1.0
103 311 1.0
104 306 1.0
312 105 1.0
105 312 1.0
106 313 1.0
313 106 1.0
313 321 1.0
313 332 1.0
313 337 1.0
107 215 1.0
108 314 1.0
314 108 1.0
314 342 1.0
314 375 1.0
109 315 1.0
315 109 1.0
110 316 1.0
316 110 1.0
316 317 1.0
316 375 1.0
111 317 1.0
317 215 1.0
317 316 1.0
317 111 1.0
317 319 1.0
112 318 1.0
318 112 1.0
113 319 1.0
319 317 1.0
319 113 1.0
319 320 1.0
114 320 1.0
320 301 1.0
320 319 1.0
320 114 1.0
115 321 1.0
321 313 1.0
321 115 1.0
322 290 1.0
322 117 1.0
322 337 1.0
323 290 1.0
323 120 1.0
324 287 1.0
324 146 1.0
325 287 1.0
325 165 1.0
325 374 1.0
326 287 1.0
326 127 1.0
326 354 1.0
326 356 1.0
327 242 1.0
327 287 1.0
327 145 1.0
116 328 1.0
328 299 1.0
328 116 1.0
328 329 1.0
329 262 1.0
329 297 1.0
329 328 1.0
329 179 1.0
330 238 1.0
330 296 1.0
330 160 1.0
331 296 1.0
331 360 1.0
331 154 1.0
117 322 1.0
118 332 1.0
332 313 1.0
332 118 1.0
332 337 1.0
119 302 1.0
120 323 1.0
121 333 1.0
333 121 1.0
333 336 1.0
333 339 1.0
122 334 1.0
334 122 1.0
334 336 1.0
334 372 1.0
334 379 1.0
334 383 1.0
123 335 1.0
335 123 1.0
335 379 1.0
124 336 1.0
336 333 1.0
336 334 1.0
336 124 1.0
125 337 1.0
337 313 1.0
337 322 1.0
337 332 1.0
337 125 1.0
337 339 1.0
337 345 1.0
337 379 1.0
126 338 1.0
338 241 1.0
338 126 1.0
338 383 1.0
127 326 1.0
128 277 1.0
129 291 1.0
339 333 1.0
339 337 1.0
339 340 1.0
339 130 1.0
340 339 1.0
340 343 1.0
340 345 1.0
340 182 1.0
130 339 1.0
341 342 1.0
341 131 1.0
342 314 1.0
342 341 1.0
342 356 1.0
342 149 1.0
131 341 1.0
132 265 1.0
343 340 1.0
343 344 1.0
343 133 1.0
344 343 1.0
344 346 1.0
344 136 1.0
133 343 1.0
345 337 1.0
345 340 1.0
345 134 1.0
134 345 1.0
346 344 1.0
346 347 1.0
346 135 1.0
347 346 1.0
347 359 1.0
347 159 1.0
135 346 1.0
136 344 1.0
348 137 1.0
137 348 1.0
349 138 1.0
138 349 1.0
350 139 1.0
139 350 1.0
351 140 1.0
140 351 1.0
141 352 1.0
352 141 1.0
142 353 1.0
353 245 1.0
353 261 1.0
353 142 1.0
354 242 1.0
354 326 1.0
354 143 1.0
143 354 1.0
355 144 1.0
144 355 1.0
145 327 1.0
356 326 1.0
356 342 1.0
356 148 1.0
146 324 1.0
357 147 1.0
147 357 1.0
148 356 1.0
149 342 1.0
358 150 1.0
150 358 1.0
151 262 1.0
359 347 1.0
359 360 1.0
359 152 1.0
360 331 1.0
360 359 1.0
360 153 1.0
152 359 1.0
153 360 1.0
154 331 1.0
361 155 1.0
155 361 1.0
156 301 1.0
362 157 1.0
157 362 1.0
363 158 1.0
158 363 1.0
159 347 1.0
160 330 1.0
161 238 1.0
162 364 1.0
364 162 1.0
163 365 1.0
365 163 1.0
365 373 1.0
365 381 1.0
164 366 1.0
366 164 1.0
165 325 1.0
166 367 1.0
367 166 1.0
367 372 1.0
167 368 1.0
368 167 1.0
168 369 1.0
369 247 1.0
369 168 1.0
169 370 1.0
370 247 1.0
370 169 1.0
370 381 1.0
370 385 1.0
170 371 1.0
371 249 1.0
371 170 1.0
371 385 1.0
171 372 1.0
372 334 1.0
372 367 1.0
372 171 1.0
372 385 1.0
172 373 1.0
373 365 1.0
373 172 1.0
373 374 1.0
173 374 1.0
374 325 1.0
374 373 1.0
374 173 1.0
375 314 1.0
375 316 1.0
375 185 1.0
174 242 1.0
175 310 1.0
176 258 1.0
177 376 1.0
376 177 1.0
178 377 1.0
377 178 1.0
179 329 1.0
180 378 1.0
378 180 1.0
181 379 1.0
379 334 1.0
379 335 1.0
379 337 1.0
379 181 1.0
182 340 1.0
183 380 1.0
380 258 1.0
380 310 1.0
380 183 1.0
184 261 1.0
381 365 1.0
381 370 1.0
381 385 1.0
381 192 1.0
185 375 1.0
186 263 1.0
382 187 1.0
187 382 1.0
188 241 1.0
383 334 1.0
383 338 1.0
383 189 1.0
189 383 1.0
384 190 1.0
190 384 1.0
385 370 1.0
385 371 1.0
385 372 1.0
385 381 1.0
385 191 1.0
191 385 1.0
192 381 1.0
