38
90
0 19 1.0
19 0 1.0
19 28 1.0
1 20 1.0
20 1 1.0
20 26 1.0
20 29 1.0
20 30 1.0
20 31 1.0
2 21 1.0
21 2 1.0
21 22 1.0
3 22 1.0
22 21 1.0
22 3 1.0
22 23 1.0
22 26 1.0
4 23 1.0
23 22 1.0
23 4 1.0
23 24 1.0
23 26 1.0
5 24 1.0
24 23 1.0
24 5 1.0
24 25 1.0
24 26 1.0
6 25 1.0
25 24 1.0
25 6 1.0
7 26 1.0
26 20 1.0
26 22 1.0
26 23 1.0
26 24 1.0
26 7 1.0
26 29 1.0
8 27 1.0
27 8 1.0
27 28 1.0
9 28 1.0
28 19 1.0
28 27 1.0
28 9 1.0
28 31 1.0
28 32 1.0
29 20 1.0
29 26 1.0
29 33 1.0
29 15 1.0
29 37 1.0
30 20 1.0
30 34 1.0
30 36 1.0
30 17 1.0
31 20 1.0
31 28 1.0
31 32 1.0
31 34 1.0
31 36 1.0
31 14 1.0
32 28 1.0
32 31 1.0
32 34 1.0
32 11 1.0
32 35 1.0
33 29 1.0
33 10 1.0
10 33 1.0
34 30 1.0
34 31 1.0
34 32 1.0
34 18 1.0
11 32 1.0
35 32 1.0
35 36 1.0
35 12 1.0
36 30 1.0
36 31 1.0
36 35 1.0
36 13 1.0
12 35 1.0
13 36 1.0
14 31 1.0
15 29 1.0
37 29 1.0
37 16 1.0
16 37 1.0
17 30 1.0
18 34 1.0
