40
100
0 20 1.0
20 0 1.0
20 21 1.0
20 26 1.0
20 29 1.0
1 21 1.0
21 20 1.0
21 1 1.0
21 27 1.0
21 30 1.0
21 31 1.0
21 32 1.0
21 33 1.0
2 22 1.0
22 2 1.0
22 23 1.0
22 34 1.0
22 35 1.0
22 36 1.0
3 23 1.0
23 22 1.0
23 3 1.0
23 24 1.0
23 25 1.0
4 24 1.0
24 23 1.0
24 4 1.0
24 25 1.0
24 30 1.0
5 25 1.0
25 23 1.0
25 24 1.0
25 5 1.0
25 28 1.0
6 26 1.0
26 20 1.0
26 6 1.0
26 27 1.0
26 29 1.0
26 30 1.0
7 27 1.0
27 21 1.0
27 26 1.0
27 7 1.0
27 28 1.0
8 28 1.0
28 25 1.0
28 27 1.0
28 8 1.0
9 29 1.0
29 20 1.0
29 26 1.0
29 9 1.0
30 21 1.0
30 24 1.0
30 26 1.0
30 32 1.0
30 36 1.0
30 19 1.0
31 21 1.0
31 36 1.0
31 18 1.0
32 21 1.0
32 30 1.0
32 33 1.0
32 12 1.0
33 21 1.0
33 32 1.0
33 13 1.0
34 22 1.0
34 37 1.0
34 14 1.0
35 22 1.0
35 37 1.0
35 38 1.0
35 10 1.0
36 22 1.0
36 30 1.0
36 31 1.0
36 39 1.0
36 17 1.0
37 34 1.0
37 35 1.0
37 15 1.0
38 35 1.0
38 11 1.0
38 39 1.0
10 35 1.0
11 38 1.0
39 36 1.0
39 38 1.0
39 16 1.0
12 32 1.0
13 33 1.0
14 34 1.0
15 37 1.0
16 39 1.0
17 36 1.0
18 31 1.0
19 30 1.0
