34
76
0 17 1.0
17 0 1.0
17 29 1.0
1 18 1.0
18 1 1.0
18 25 1.0
18 27 1.0
18 28 1.0
2 19 1.0
19 2 1.0
19 20 1.0
19 21 1.0
19 22 1.0
19 26 1.0
3 20 1.0
20 19 1.0
20 3 1.0
4 21 1.0
21 19 1.0
21 4 1.0
5 22 1.0
22 19 1.0
22 5 1.0
6 23 1.0
23 6 1.0
23 28 1.0
7 24 1.0
24 7 1.0
24 29 1.0
8 25 1.0
25 18 1.0
25 8 1.0
9 26 1.0
26 19 1.0
26 9 1.0
26 27 1.0
26 29 1.0
27 18 1.0
27 26 1.0
27 29 1.0
27 30 1.0
27 31 1.0
27 32 1.0
27 11 1.0
28 18 1.0
28 23 1.0
28 29 1.0
28 13 1.0
29 17 1.0
29 24 1.0
29 26 1.0
29 27 1.0
29 28 1.0
29 30 1.0
29 31 1.0
29 32 1.0
29 33 1.0
29 12 1.0
30 27 1.0
30 29 1.0
30 10 1.0
10 30 1.0
31 27 1.0
31 29 1.0
31 16 1.0
32 27 1.0
32 29 1.0
32 15 1.0
11 27 1.0
33 29 1.0
33 14 1.0
12 29 1.0
13 28 1.0
14 33 1.0
15 32 1.0
16 31 1.0
