46
96
0 23 1.0
23 0 1.0
23 29 1.0
23 35 1.0
23 36 1.0
1 24 1.0
24 1 1.0
24 29 1.0
2 25 1.0
25 2 1.0
25 37 1.0
3 26 1.0
26 3 1.0
26 29 1.0
4 27 1.0
27 4 1.0
27 29 1.0
5 28 1.0
28 5 1.0
28 29 1.0
6 29 1.0
29 23 1.0
29 24 1.0
29 26 1.0
29 27 1.0
29 28 1.0
29 6 1.0
29 30 1.0
29 31 1.0
29 32 1.0
29 33 1.0
29 38 1.0
29 39 1.0
7 30 1.0
30 29 1.0
30 7 1.0
30 33 1.0
8 31 1.0
31 29 1.0
31 8 1.0
9 32 1.0
32 29 1.0
32 9 1.0
32 33 1.0
10 33 1.0
33 29 1.0
33 30 1.0
33 32 1.0
33 10 1.0
33 34 1.0
33 37 1.0
11 34 1.0
34 33 1.0
34 11 1.0
34 37 1.0
35 23 1.0
35 17 1.0
36 23 1.0
36 18 1.0
37 25 1.0
37 33 1.0
37 34 1.0
37 12 1.0
37 40 1.0
37 41 1.0
37 42 1.0
37 43 1.0
37 44 1.0
37 45 1.0
38 29 1.0
38 15 1.0
39 29 1.0
39 16 1.0
12 37 1.0
40 37 1.0
40 13 1.0
13 40 1.0
41 37 1.0
41 14 1.0
14 41 1.0
15 38 1.0
16 39 1.0
17 35 1.0
18 36 1.0
42 37 1.0
42 19 1.0
19 42 1.0
43 37 1.0
43 20 1.0
20 43 1.0
44 37 1.0
44 21 1.0
21 44 1.0
45 37 1.0
45 22 1.0
22 45 1.0
