124
248
62 0 1.0
62 63 1.0
0 62 1.0
63 62 1.0
63 64 1.0
63 67 1.0
63 90 1.0
63 91 1.0
63 92 1.0
63 93 1.0
63 94 1.0
63 95 1.0
63 16 1.0
63 96 1.0
63 97 1.0
63 98 1.0
63 99 1.0
64 63 1.0
64 65 1.0
64 66 1.0
64 67 1.0
64 68 1.0
64 69 1.0
64 70 1.0
64 71 1.0
64 72 1.0
64 73 1.0
64 74 1.0
64 75 1.0
64 76 1.0
64 77 1.0
64 78 1.0
64 79 1.0
64 80 1.0
64 81 1.0
64 82 1.0
64 1 1.0
64 83 1.0
64 84 1.0
65 64 1.0
65 56 1.0
66 64 1.0
66 110 1.0
66 111 1.0
66 112 1.0
66 113 1.0
66 120 1.0
66 52 1.0
66 121 1.0
67 63 1.0
67 64 1.0
67 53 1.0
68 64 1.0
68 4 1.0
69 64 1.0
69 43 1.0
70 64 1.0
70 33 1.0
71 64 1.0
71 3 1.0
72 64 1.0
72 32 1.0
73 64 1.0
73 34 1.0
74 64 1.0
74 86 1.0
74 88 1.0
74 101 1.0
74 20 1.0
75 64 1.0
75 5 1.0
76 64 1.0
76 7 1.0
76 89 1.0
76 107 1.0
76 108 1.0
76 109 1.0
77 64 1.0
77 35 1.0
78 64 1.0
78 24 1.0
79 64 1.0
79 9 1.0
79 87 1.0
79 102 1.0
79 103 1.0
79 104 1.0
79 105 1.0
79 106 1.0
80 64 1.0
80 115 1.0
80 116 1.0
80 118 1.0
80 119 1.0
80 61 1.0
81 64 1.0
81 8 1.0
82 64 1.0
82 60 1.0
1 64 1.0
83 64 1.0
83 11 1.0
84 64 1.0
84 117 1.0
84 46 1.0
2 85 1.0
85 2 1.0
85 107 1.0
85 122 1.0
85 123 1.0
3 71 1.0
4 68 1.0
5 75 1.0
6 86 1.0
86 74 1.0
86 6 1.0
7 76 1.0
8 81 1.0
9 79 1.0
10 87 1.0
87 79 1.0
87 10 1.0
11 83 1.0
12 88 1.0
88 74 1.0
88 12 1.0
13 89 1.0
89 76 1.0
89 13 1.0
90 63 1.0
90 14 1.0
14 90 1.0
91 63 1.0
91 15 1.0
15 91 1.0
92 63 1.0
92 23 1.0
93 63 1.0
93 22 1.0
94 63 1.0
94 19 1.0
95 63 1.0
95 26 1.0
16 63 1.0
96 63 1.0
96 17 1.0
97 63 1.0
97 100 1.0
97 114 1.0
97 41 1.0
98 63 1.0
98 27 1.0
99 63 1.0
99 42 1.0
17 96 1.0
100 97 1.0
100 18 1.0
18 100 1.0
19 94 1.0
101 74 1.0
101 21 1.0
20 74 1.0
21 101 1.0
22 93 1.0
23 92 1.0
24 78 1.0
102 79 1.0
102 37 1.0
103 79 1.0
103 36 1.0
104 79 1.0
104 51 1.0
105 79 1.0
105 57 1.0
106 79 1.0
106 54 1.0
107 76 1.0
107 85 1.0
107 25 1.0
25 107 1.0
108 76 1.0
108 28 1.0
109 76 1.0
109 29 1.0
26 95 1.0
27 98 1.0
28 108 1.0
29 109 1.0
110 66 1.0
110 30 1.0
30 110 1.0
111 66 1.0
111 31 1.0
31 111 1.0
32 72 1.0
33 70 1.0
34 73 1.0
35 77 1.0
36 103 1.0
37 102 1.0
38 112 1.0
112 66 1.0
112 38 1.0
39 113 1.0
113 66 1.0
113 39 1.0
40 114 1.0
114 97 1.0
114 40 1.0
41 97 1.0
42 99 1.0
43 69 1.0
115 80 1.0
115 44 1.0
44 115 1.0
116 80 1.0
116 45 1.0
45 116 1.0
117 84 1.0
117 47 1.0
46 84 1.0
47 117 1.0
118 80 1.0
118 48 1.0
48 118 1.0
119 80 1.0
119 49 1.0
49 119 1.0
120 66 1.0
120 50 1.0
50 120 1.0
51 104 1.0
52 66 1.0
121 66 1.0
121 55 1.0
53 67 1.0
54 106 1.0
55 121 1.0
56 65 1.0
57 105 1.0
58 122 1.0
122 85 1.0
122 58 1.0
59 123 1.0
123 85 1.0
123 59 1.0
60 82 1.0
61 80 1.0
