52
112
0 26 1.0
26 0 1.0
26 27 1.0
26 35 1.0
1 27 1.0
27 26 1.0
27 1 1.0
27 39 1.0
2 28 1.0
28 2 1.0
28 29 1.0
28 30 1.0
28 40 1.0
3 29 1.0
29 28 1.0
29 3 1.0
29 32 1.0
4 30 1.0
30 28 1.0
30 4 1.0
30 31 1.0
30 42 1.0
30 43 1.0
5 31 1.0
31 30 1.0
31 5 1.0
31 41 1.0
6 32 1.0
32 29 1.0
32 6 1.0
32 33 1.0
7 33 1.0
33 32 1.0
33 7 1.0
33 44 1.0
8 34 1.0
34 8 1.0
34 35 1.0
34 45 1.0
9 35 1.0
35 26 1.0
35 34 1.0
35 9 1.0
10 36 1.0
36 10 1.0
36 45 1.0
36 48 1.0
11 37 1.0
37 11 1.0
37 40 1.0
37 46 1.0
37 48 1.0
12 38 1.0
38 12 1.0
38 46 1.0
39 27 1.0
39 44 1.0
39 16 1.0
40 28 1.0
40 37 1.0
40 51 1.0
40 24 1.0
41 31 1.0
41 44 1.0
41 50 1.0
41 18 1.0
42 30 1.0
42 19 1.0
43 30 1.0
43 51 1.0
43 20 1.0
44 33 1.0
44 39 1.0
44 41 1.0
44 49 1.0
44 50 1.0
44 17 1.0
45 34 1.0
45 36 1.0
45 25 1.0
13 46 1.0
46 37 1.0
46 38 1.0
46 13 1.0
46 47 1.0
47 46 1.0
47 48 1.0
47 14 1.0
48 36 1.0
48 37 1.0
48 47 1.0
48 15 1.0
14 47 1.0
15 48 1.0
16 39 1.0
49 44 1.0
49 23 1.0
50 41 1.0
50 44 1.0
50 22 1.0
17 44 1.0
18 41 1.0
19 42 1.0
51 40 1.0
51 43 1.0
51 21 1.0
20 43 1.0
21 51 1.0
22 50 1.0
23 49 1.0
24 40 1.0
25 45 1.0
