118
266
59 60 1.0
59 0 1.0
60 59 1.0
60 83 1.0
60 85 1.0
60 86 1.0
60 96 1.0
60 97 1.0
60 105 1.0
60 109 1.0
60 49 1.0
0 59 1.0
61 62 1.0
61 1 1.0
62 61 1.0
62 70 1.0
62 73 1.0
62 11 1.0
62 74 1.0
1 61 1.0
2 63 1.0
63 2 1.0
63 101 1.0
63 104 1.0
3 64 1.0
64 3 1.0
64 65 1.0
64 66 1.0
64 72 1.0
64 76 1.0
64 85 1.0
64 90 1.0
4 65 1.0
65 64 1.0
65 4 1.0
5 66 1.0
66 64 1.0
66 5 1.0
6 67 1.0
67 6 1.0
67 73 1.0
67 85 1.0
67 98 1.0
7 68 1.0
68 7 1.0
68 73 1.0
68 91 1.0
69 70 1.0
69 8 1.0
70 62 1.0
70 69 1.0
70 73 1.0
70 77 1.0
70 83 1.0
70 85 1.0
70 89 1.0
70 90 1.0
70 91 1.0
70 92 1.0
70 93 1.0
70 18 1.0
8 69 1.0
9 71 1.0
71 9 1.0
71 90 1.0
10 72 1.0
72 64 1.0
72 10 1.0
73 62 1.0
73 67 1.0
73 68 1.0
73 70 1.0
73 89 1.0
73 101 1.0
73 30 1.0
11 62 1.0
74 62 1.0
74 39 1.0
12 75 1.0
75 12 1.0
75 83 1.0
13 76 1.0
76 64 1.0
76 13 1.0
77 70 1.0
77 14 1.0
77 78 1.0
77 79 1.0
77 80 1.0
14 77 1.0
78 77 1.0
78 83 1.0
78 45 1.0
79 77 1.0
79 85 1.0
79 103 1.0
79 116 1.0
79 52 1.0
80 77 1.0
80 83 1.0
80 94 1.0
80 42 1.0
81 82 1.0
81 83 1.0
81 15 1.0
82 81 1.0
82 36 1.0
83 60 1.0
83 70 1.0
83 75 1.0
83 78 1.0
83 80 1.0
83 81 1.0
83 86 1.0
83 87 1.0
83 96 1.0
83 99 1.0
83 110 1.0
83 111 1.0
83 43 1.0
83 112 1.0
15 81 1.0
84 16 1.0
84 85 1.0
16 84 1.0
85 60 1.0
85 64 1.0
85 67 1.0
85 70 1.0
85 79 1.0
85 84 1.0
85 105 1.0
85 107 1.0
85 34 1.0
86 60 1.0
86 83 1.0
86 17 1.0
86 87 1.0
86 88 1.0
17 86 1.0
87 83 1.0
87 86 1.0
87 46 1.0
88 86 1.0
88 105 1.0
88 31 1.0
89 70 1.0
89 73 1.0
89 24 1.0
90 64 1.0
90 70 1.0
90 71 1.0
90 101 1.0
90 26 1.0
90 102 1.0
91 68 1.0
91 70 1.0
91 40 1.0
92 70 1.0
92 58 1.0
93 70 1.0
93 29 1.0
18 70 1.0
94 80 1.0
94 19 1.0
19 94 1.0
95 20 1.0
95 96 1.0
20 95 1.0
96 60 1.0
96 83 1.0
96 95 1.0
96 33 1.0
97 60 1.0
97 21 1.0
21 97 1.0
98 67 1.0
98 22 1.0
22 98 1.0
23 99 1.0
99 83 1.0
99 23 1.0
24 89 1.0
100 101 1.0
100 25 1.0
101 63 1.0
101 73 1.0
101 90 1.0
101 100 1.0
101 115 1.0
101 117 1.0
101 55 1.0
25 100 1.0
26 90 1.0
102 90 1.0
102 41 1.0
103 79 1.0
103 27 1.0
27 103 1.0
104 63 1.0
104 28 1.0
28 104 1.0
29 93 1.0
30 73 1.0
105 60 1.0
105 85 1.0
105 88 1.0
105 106 1.0
105 112 1.0
105 114 1.0
105 50 1.0
31 88 1.0
106 105 1.0
106 32 1.0
32 106 1.0
33 96 1.0
107 85 1.0
107 54 1.0
34 85 1.0
35 108 1.0
108 35 1.0
108 115 1.0
36 82 1.0
37 109 1.0
109 60 1.0
109 37 1.0
38 110 1.0
110 83 1.0
110 38 1.0
39 74 1.0
40 91 1.0
41 102 1.0
42 80 1.0
111 83 1.0
111 57 1.0
43 83 1.0
112 83 1.0
112 105 1.0
112 44 1.0
44 112 1.0
45 78 1.0
46 87 1.0
113 114 1.0
113 47 1.0
114 105 1.0
114 113 1.0
114 48 1.0
47 113 1.0
48 114 1.0
49 60 1.0
50 105 1.0
115 101 1.0
115 108 1.0
115 56 1.0
51 116 1.0
116 79 1.0
116 51 1.0
52 79 1.0
117 101 1.0
117 53 1.0
53 117 1.0
54 107 1.0
55 101 1.0
56 115 1.0
57 111 1.0
58 92 1.0
