54
110
0 27 1.0
27 0 1.0
27 36 1.0
1 28 1.0
28 1 1.0
28 41 1.0
2 29 1.0
29 2 1.0
29 44 1.0
3 30 1.0
30 3 1.0
30 31 1.0
30 32 1.0
30 33 1.0
30 36 1.0
30 42 1.0
30 43 1.0
30 44 1.0
4 31 1.0
31 30 1.0
31 4 1.0
5 32 1.0
32 30 1.0
32 5 1.0
6 33 1.0
33 30 1.0
33 6 1.0
7 34 1.0
34 7 1.0
34 36 1.0
8 35 1.0
35 8 1.0
35 36 1.0
9 36 1.0
36 27 1.0
36 30 1.0
36 34 1.0
36 35 1.0
36 9 1.0
36 37 1.0
36 40 1.0
36 41 1.0
36 44 1.0
36 45 1.0
36 46 1.0
36 47 1.0
10 37 1.0
37 36 1.0
37 10 1.0
11 38 1.0
38 11 1.0
38 44 1.0
12 39 1.0
39 12 1.0
39 44 1.0
13 40 1.0
40 36 1.0
40 13 1.0
41 28 1.0
41 36 1.0
41 44 1.0
41 48 1.0
41 17 1.0
41 49 1.0
42 30 1.0
42 16 1.0
43 30 1.0
43 20 1.0
44 29 1.0
44 30 1.0
44 36 1.0
44 38 1.0
44 39 1.0
44 41 1.0
44 50 1.0
44 51 1.0
44 52 1.0
44 53 1.0
44 26 1.0
45 36 1.0
45 23 1.0
46 36 1.0
46 24 1.0
47 36 1.0
47 14 1.0
14 47 1.0
48 41 1.0
48 15 1.0
15 48 1.0
16 42 1.0
17 41 1.0
49 41 1.0
49 19 1.0
50 44 1.0
50 18 1.0
18 50 1.0
19 49 1.0
20 43 1.0
51 44 1.0
51 21 1.0
21 51 1.0
52 44 1.0
52 22 1.0
22 52 1.0
23 45 1.0
24 46 1.0
25 53 1.0
53 44 1.0
53 25 1.0
26 44 1.0
