114
256
57 0 1.0
57 58 1.0
0 57 1.0
58 57 1.0
58 74 1.0
58 82 1.0
58 84 1.0
58 85 1.0
58 87 1.0
58 98 1.0
58 106 1.0
58 45 1.0
59 60 1.0
59 1 1.0
60 59 1.0
60 68 1.0
60 71 1.0
60 11 1.0
60 72 1.0
1 59 1.0
2 61 1.0
61 2 1.0
61 71 1.0
61 90 1.0
61 95 1.0
61 97 1.0
61 111 1.0
61 112 1.0
3 62 1.0
62 3 1.0
62 87 1.0
4 63 1.0
63 4 1.0
63 64 1.0
5 64 1.0
64 63 1.0
64 5 1.0
64 65 1.0
64 66 1.0
64 84 1.0
64 90 1.0
64 94 1.0
6 65 1.0
65 64 1.0
65 6 1.0
7 66 1.0
66 64 1.0
66 7 1.0
67 68 1.0
67 8 1.0
68 60 1.0
68 67 1.0
68 70 1.0
68 71 1.0
68 77 1.0
68 84 1.0
68 87 1.0
68 19 1.0
68 89 1.0
68 90 1.0
68 91 1.0
8 67 1.0
9 69 1.0
69 9 1.0
69 71 1.0
69 91 1.0
10 70 1.0
70 68 1.0
70 10 1.0
70 71 1.0
71 60 1.0
71 61 1.0
71 68 1.0
71 69 1.0
71 70 1.0
71 76 1.0
71 100 1.0
71 34 1.0
11 60 1.0
72 60 1.0
72 37 1.0
12 73 1.0
73 12 1.0
73 82 1.0
13 74 1.0
74 58 1.0
74 13 1.0
75 76 1.0
75 14 1.0
76 71 1.0
76 75 1.0
76 84 1.0
76 22 1.0
14 75 1.0
77 68 1.0
77 78 1.0
77 79 1.0
77 80 1.0
77 15 1.0
78 77 1.0
78 87 1.0
78 92 1.0
78 44 1.0
79 77 1.0
79 84 1.0
79 99 1.0
79 52 1.0
79 113 1.0
80 77 1.0
80 87 1.0
80 41 1.0
15 77 1.0
81 16 1.0
81 82 1.0
16 81 1.0
82 58 1.0
82 73 1.0
82 81 1.0
82 87 1.0
82 32 1.0
82 104 1.0
83 17 1.0
83 84 1.0
17 83 1.0
84 58 1.0
84 64 1.0
84 68 1.0
84 76 1.0
84 79 1.0
84 83 1.0
84 98 1.0
84 25 1.0
85 58 1.0
85 86 1.0
85 87 1.0
85 18 1.0
85 88 1.0
86 85 1.0
86 87 1.0
86 42 1.0
87 58 1.0
87 62 1.0
87 68 1.0
87 78 1.0
87 80 1.0
87 82 1.0
87 85 1.0
87 86 1.0
87 93 1.0
87 107 1.0
87 110 1.0
87 47 1.0
18 85 1.0
88 85 1.0
88 98 1.0
88 30 1.0
19 68 1.0
89 68 1.0
89 55 1.0
90 61 1.0
90 64 1.0
90 68 1.0
90 101 1.0
90 102 1.0
90 29 1.0
91 68 1.0
91 69 1.0
91 38 1.0
92 78 1.0
92 20 1.0
20 92 1.0
21 93 1.0
93 87 1.0
93 21 1.0
22 76 1.0
94 64 1.0
94 40 1.0
95 61 1.0
95 23 1.0
95 96 1.0
23 95 1.0
96 95 1.0
96 27 1.0
97 61 1.0
97 24 1.0
24 97 1.0
98 58 1.0
98 84 1.0
98 88 1.0
98 103 1.0
98 46 1.0
98 108 1.0
98 109 1.0
25 84 1.0
99 79 1.0
99 26 1.0
26 99 1.0
27 96 1.0
100 71 1.0
100 28 1.0
28 100 1.0
101 90 1.0
101 43 1.0
102 90 1.0
102 39 1.0
29 90 1.0
30 88 1.0
103 98 1.0
103 31 1.0
31 103 1.0
32 82 1.0
104 82 1.0
104 48 1.0
33 105 1.0
105 33 1.0
105 111 1.0
34 71 1.0
35 106 1.0
106 58 1.0
106 35 1.0
36 107 1.0
107 87 1.0
107 36 1.0
37 72 1.0
38 91 1.0
39 102 1.0
40 94 1.0
41 80 1.0
42 86 1.0
43 101 1.0
44 78 1.0
45 58 1.0
46 98 1.0
108 98 1.0
108 50 1.0
109 98 1.0
109 49 1.0
110 87 1.0
110 51 1.0
47 87 1.0
48 104 1.0
111 61 1.0
111 105 1.0
111 53 1.0
49 109 1.0
50 108 1.0
51 110 1.0
52 79 1.0
53 111 1.0
54 112 1.0
112 61 1.0
112 54 1.0
55 89 1.0
113 79 1.0
113 56 1.0
56 113 1.0
