46
96
0 23 1.0
23 0 1.0
23 32 1.0
1 24 1.0
24 1 1.0
24 35 1.0
2 25 1.0
25 2 1.0
25 35 1.0
3 26 1.0
26 3 1.0
26 28 1.0
4 27 1.0
27 4 1.0
27 32 1.0
5 28 1.0
28 26 1.0
28 5 1.0
28 29 1.0
28 30 1.0
28 32 1.0
28 35 1.0
28 36 1.0
28 37 1.0
28 38 1.0
28 39 1.0
6 29 1.0
29 28 1.0
29 6 1.0
7 30 1.0
30 28 1.0
30 7 1.0
8 31 1.0
31 8 1.0
31 32 1.0
9 32 1.0
32 23 1.0
32 27 1.0
32 28 1.0
32 31 1.0
32 9 1.0
32 35 1.0
32 38 1.0
32 40 1.0
10 33 1.0
33 10 1.0
33 35 1.0
11 34 1.0
34 11 1.0
34 38 1.0
35 24 1.0
35 25 1.0
35 28 1.0
35 32 1.0
35 33 1.0
35 38 1.0
35 15 1.0
35 44 1.0
35 45 1.0
36 28 1.0
36 20 1.0
37 28 1.0
37 17 1.0
38 28 1.0
38 32 1.0
38 34 1.0
38 35 1.0
38 41 1.0
38 42 1.0
38 13 1.0
38 43 1.0
39 28 1.0
39 19 1.0
40 32 1.0
40 21 1.0
12 41 1.0
41 38 1.0
41 12 1.0
42 38 1.0
42 14 1.0
13 38 1.0
43 38 1.0
43 16 1.0
14 42 1.0
15 35 1.0
44 35 1.0
44 22 1.0
45 35 1.0
45 18 1.0
16 43 1.0
17 37 1.0
18 45 1.0
19 39 1.0
20 36 1.0
21 40 1.0
22 44 1.0
