122
272
61 62 1.0
61 0 1.0
62 61 1.0
62 80 1.0
62 81 1.0
62 82 1.0
62 93 1.0
62 94 1.0
62 109 1.0
62 113 1.0
62 45 1.0
0 61 1.0
63 1 1.0
63 64 1.0
1 63 1.0
64 63 1.0
64 72 1.0
64 11 1.0
64 75 1.0
64 76 1.0
2 65 1.0
65 2 1.0
65 106 1.0
65 108 1.0
3 66 1.0
66 3 1.0
66 77 1.0
4 67 1.0
67 4 1.0
67 80 1.0
67 102 1.0
5 68 1.0
68 5 1.0
68 75 1.0
68 90 1.0
6 69 1.0
69 6 1.0
69 72 1.0
69 75 1.0
7 70 1.0
70 7 1.0
70 89 1.0
71 72 1.0
71 8 1.0
72 64 1.0
72 69 1.0
72 71 1.0
72 75 1.0
72 80 1.0
72 82 1.0
72 85 1.0
72 86 1.0
72 16 1.0
72 87 1.0
72 88 1.0
72 89 1.0
72 90 1.0
8 71 1.0
9 73 1.0
73 9 1.0
73 89 1.0
10 74 1.0
74 10 1.0
74 82 1.0
74 85 1.0
74 91 1.0
11 64 1.0
75 64 1.0
75 68 1.0
75 69 1.0
75 72 1.0
75 106 1.0
75 32 1.0
76 64 1.0
76 41 1.0
12 77 1.0
77 66 1.0
77 12 1.0
77 78 1.0
77 80 1.0
77 89 1.0
77 96 1.0
77 103 1.0
77 104 1.0
13 78 1.0
78 77 1.0
78 13 1.0
79 14 1.0
79 80 1.0
14 79 1.0
80 62 1.0
80 67 1.0
80 72 1.0
80 77 1.0
80 79 1.0
80 97 1.0
80 109 1.0
80 111 1.0
80 36 1.0
81 62 1.0
81 82 1.0
81 83 1.0
81 84 1.0
81 15 1.0
82 62 1.0
82 72 1.0
82 74 1.0
82 81 1.0
82 83 1.0
82 93 1.0
82 95 1.0
82 98 1.0
82 99 1.0
82 101 1.0
82 114 1.0
82 115 1.0
82 47 1.0
82 117 1.0
83 81 1.0
83 82 1.0
83 44 1.0
84 81 1.0
84 109 1.0
84 33 1.0
15 81 1.0
85 72 1.0
85 74 1.0
85 22 1.0
85 97 1.0
85 98 1.0
86 72 1.0
86 60 1.0
16 72 1.0
87 72 1.0
87 54 1.0
88 72 1.0
88 31 1.0
89 70 1.0
89 72 1.0
89 73 1.0
89 77 1.0
89 106 1.0
89 28 1.0
90 68 1.0
90 72 1.0
90 42 1.0
91 74 1.0
91 17 1.0
17 91 1.0
92 93 1.0
92 18 1.0
93 62 1.0
93 82 1.0
93 92 1.0
93 35 1.0
18 92 1.0
94 62 1.0
94 19 1.0
19 94 1.0
95 82 1.0
95 20 1.0
20 95 1.0
96 77 1.0
96 21 1.0
21 96 1.0
22 85 1.0
97 80 1.0
97 85 1.0
97 107 1.0
97 119 1.0
97 53 1.0
98 82 1.0
98 85 1.0
98 43 1.0
99 82 1.0
99 100 1.0
99 23 1.0
100 99 1.0
100 38 1.0
23 99 1.0
24 101 1.0
101 82 1.0
101 24 1.0
102 67 1.0
102 26 1.0
103 77 1.0
103 25 1.0
25 103 1.0
104 77 1.0
104 52 1.0
26 102 1.0
105 27 1.0
105 106 1.0
27 105 1.0
106 65 1.0
106 75 1.0
106 89 1.0
106 105 1.0
106 120 1.0
106 121 1.0
106 57 1.0
28 89 1.0
107 97 1.0
107 29 1.0
29 107 1.0
108 65 1.0
108 30 1.0
30 108 1.0
31 88 1.0
32 75 1.0
109 62 1.0
109 80 1.0
109 84 1.0
109 110 1.0
109 115 1.0
109 46 1.0
109 116 1.0
33 84 1.0
110 109 1.0
110 34 1.0
34 110 1.0
35 93 1.0
111 80 1.0
111 56 1.0
36 80 1.0
37 112 1.0
112 37 1.0
112 120 1.0
38 100 1.0
39 113 1.0
113 62 1.0
113 39 1.0
40 114 1.0
114 82 1.0
114 40 1.0
41 76 1.0
42 90 1.0
43 98 1.0
44 83 1.0
45 62 1.0
115 82 1.0
115 109 1.0
115 48 1.0
46 109 1.0
116 109 1.0
116 49 1.0
116 118 1.0
47 82 1.0
117 82 1.0
117 59 1.0
48 115 1.0
49 116 1.0
118 116 1.0
118 51 1.0
119 97 1.0
119 50 1.0
50 119 1.0
51 118 1.0
52 104 1.0
120 106 1.0
120 112 1.0
120 58 1.0
53 97 1.0
54 87 1.0
121 106 1.0
121 55 1.0
55 121 1.0
56 111 1.0
57 106 1.0
58 120 1.0
59 117 1.0
60 86 1.0
