110
248
55 0 1.0
55 56 1.0
0 55 1.0
56 55 1.0
56 61 1.0
56 78 1.0
56 80 1.0
56 81 1.0
56 84 1.0
56 97 1.0
56 103 1.0
56 47 1.0
57 1 1.0
57 58 1.0
1 57 1.0
58 57 1.0
58 66 1.0
58 69 1.0
58 11 1.0
58 70 1.0
2 59 1.0
59 2 1.0
59 91 1.0
3 60 1.0
60 3 1.0
60 78 1.0
4 61 1.0
61 56 1.0
61 4 1.0
5 62 1.0
62 5 1.0
62 84 1.0
6 63 1.0
63 6 1.0
63 64 1.0
7 64 1.0
64 63 1.0
64 7 1.0
64 67 1.0
64 80 1.0
64 86 1.0
64 87 1.0
64 88 1.0
65 66 1.0
65 8 1.0
66 58 1.0
66 65 1.0
66 69 1.0
66 12 1.0
66 73 1.0
66 80 1.0
66 84 1.0
66 85 1.0
66 87 1.0
66 89 1.0
66 90 1.0
8 65 1.0
9 67 1.0
67 64 1.0
67 9 1.0
10 68 1.0
68 10 1.0
68 69 1.0
68 72 1.0
68 80 1.0
69 58 1.0
69 66 1.0
69 68 1.0
69 90 1.0
69 91 1.0
69 31 1.0
69 102 1.0
69 105 1.0
11 58 1.0
70 58 1.0
70 35 1.0
12 66 1.0
13 71 1.0
71 13 1.0
71 76 1.0
72 68 1.0
72 14 1.0
14 72 1.0
73 66 1.0
73 15 1.0
73 74 1.0
73 75 1.0
73 76 1.0
15 73 1.0
74 73 1.0
74 84 1.0
74 45 1.0
75 73 1.0
75 80 1.0
75 98 1.0
75 108 1.0
75 53 1.0
76 71 1.0
76 73 1.0
76 84 1.0
76 40 1.0
77 16 1.0
77 78 1.0
16 77 1.0
78 56 1.0
78 60 1.0
78 77 1.0
78 84 1.0
78 96 1.0
78 23 1.0
79 80 1.0
79 17 1.0
80 56 1.0
80 64 1.0
80 66 1.0
80 68 1.0
80 75 1.0
80 79 1.0
80 97 1.0
80 24 1.0
17 79 1.0
81 56 1.0
81 82 1.0
81 83 1.0
81 18 1.0
81 84 1.0
82 81 1.0
82 97 1.0
82 29 1.0
83 81 1.0
83 84 1.0
83 46 1.0
18 81 1.0
84 56 1.0
84 62 1.0
84 66 1.0
84 74 1.0
84 76 1.0
84 78 1.0
84 81 1.0
84 83 1.0
84 104 1.0
84 106 1.0
84 43 1.0
84 107 1.0
19 85 1.0
85 66 1.0
85 19 1.0
86 64 1.0
86 20 1.0
20 86 1.0
87 64 1.0
87 66 1.0
87 91 1.0
87 28 1.0
87 99 1.0
87 100 1.0
88 64 1.0
88 42 1.0
89 66 1.0
89 36 1.0
89 105 1.0
90 66 1.0
90 69 1.0
90 38 1.0
91 59 1.0
91 69 1.0
91 87 1.0
91 92 1.0
91 93 1.0
91 21 1.0
91 94 1.0
92 91 1.0
92 95 1.0
92 22 1.0
93 91 1.0
93 27 1.0
21 91 1.0
94 91 1.0
94 51 1.0
95 92 1.0
95 26 1.0
22 92 1.0
96 78 1.0
96 44 1.0
23 78 1.0
97 56 1.0
97 80 1.0
97 82 1.0
97 101 1.0
97 48 1.0
97 109 1.0
24 80 1.0
98 75 1.0
98 25 1.0
25 98 1.0
26 95 1.0
27 93 1.0
28 87 1.0
99 87 1.0
99 39 1.0
100 87 1.0
100 41 1.0
29 82 1.0
101 97 1.0
101 30 1.0
30 101 1.0
31 69 1.0
32 102 1.0
102 69 1.0
102 32 1.0
33 103 1.0
103 56 1.0
103 33 1.0
34 104 1.0
104 84 1.0
104 34 1.0
35 70 1.0
36 89 1.0
105 69 1.0
105 89 1.0
105 37 1.0
37 105 1.0
38 90 1.0
39 99 1.0
40 76 1.0
41 100 1.0
42 88 1.0
106 84 1.0
106 52 1.0
43 84 1.0
107 84 1.0
107 49 1.0
44 96 1.0
45 74 1.0
46 83 1.0
47 56 1.0
48 97 1.0
49 107 1.0
50 108 1.0
108 75 1.0
108 50 1.0
51 94 1.0
52 106 1.0
53 75 1.0
109 97 1.0
109 54 1.0
54 109 1.0
