44
92
0 22 1.0
22 0 1.0
22 34 1.0
1 23 1.0
23 1 1.0
23 33 1.0
2 24 1.0
24 2 1.0
24 26 1.0
3 25 1.0
25 3 1.0
25 26 1.0
4 26 1.0
26 24 1.0
26 25 1.0
26 4 1.0
26 27 1.0
26 28 1.0
26 30 1.0
26 33 1.0
26 34 1.0
26 35 1.0
26 36 1.0
26 37 1.0
5 27 1.0
27 26 1.0
27 5 1.0
6 28 1.0
28 26 1.0
28 6 1.0
7 29 1.0
29 7 1.0
29 30 1.0
8 30 1.0
30 26 1.0
30 29 1.0
30 8 1.0
30 31 1.0
30 33 1.0
30 34 1.0
30 38 1.0
9 31 1.0
31 30 1.0
31 9 1.0
10 32 1.0
32 10 1.0
32 34 1.0
33 23 1.0
33 26 1.0
33 30 1.0
33 34 1.0
33 39 1.0
33 40 1.0
33 41 1.0
33 13 1.0
34 22 1.0
34 26 1.0
34 30 1.0
34 32 1.0
34 33 1.0
34 42 1.0
34 43 1.0
34 15 1.0
35 26 1.0
35 19 1.0
36 26 1.0
36 20 1.0
37 26 1.0
37 16 1.0
38 30 1.0
38 21 1.0
11 39 1.0
39 33 1.0
39 11 1.0
40 33 1.0
40 12 1.0
12 40 1.0
41 33 1.0
41 18 1.0
13 33 1.0
42 34 1.0
42 14 1.0
14 42 1.0
43 34 1.0
43 17 1.0
15 34 1.0
16 37 1.0
17 43 1.0
18 41 1.0
19 35 1.0
20 36 1.0
21 38 1.0
