108
244
54 0 1.0
54 55 1.0
0 54 1.0
55 54 1.0
55 61 1.0
55 70 1.0
55 78 1.0
55 80 1.0
55 81 1.0
55 99 1.0
55 102 1.0
55 46 1.0
56 57 1.0
56 1 1.0
57 56 1.0
57 65 1.0
57 68 1.0
57 69 1.0
57 11 1.0
1 56 1.0
2 58 1.0
58 2 1.0
58 90 1.0
3 59 1.0
59 3 1.0
59 76 1.0
4 60 1.0
60 4 1.0
60 78 1.0
5 61 1.0
61 55 1.0
61 5 1.0
6 62 1.0
62 6 1.0
62 81 1.0
7 63 1.0
63 7 1.0
63 82 1.0
64 8 1.0
64 65 1.0
8 64 1.0
65 57 1.0
65 64 1.0
65 68 1.0
65 13 1.0
65 73 1.0
65 80 1.0
65 81 1.0
65 84 1.0
65 85 1.0
65 86 1.0
65 87 1.0
9 66 1.0
66 9 1.0
66 82 1.0
10 67 1.0
67 10 1.0
67 82 1.0
68 57 1.0
68 65 1.0
68 72 1.0
68 85 1.0
68 90 1.0
68 30 1.0
68 101 1.0
68 104 1.0
69 57 1.0
69 34 1.0
11 57 1.0
12 70 1.0
70 55 1.0
70 12 1.0
70 81 1.0
70 88 1.0
70 89 1.0
13 65 1.0
71 72 1.0
71 14 1.0
72 68 1.0
72 71 1.0
72 80 1.0
72 36 1.0
14 71 1.0
73 65 1.0
73 74 1.0
73 75 1.0
73 15 1.0
73 76 1.0
74 73 1.0
74 81 1.0
74 44 1.0
75 73 1.0
75 80 1.0
75 96 1.0
75 107 1.0
75 52 1.0
15 73 1.0
76 59 1.0
76 73 1.0
76 81 1.0
76 43 1.0
77 16 1.0
77 78 1.0
16 77 1.0
78 55 1.0
78 60 1.0
78 77 1.0
78 81 1.0
78 23 1.0
78 95 1.0
79 80 1.0
79 17 1.0
80 55 1.0
80 65 1.0
80 72 1.0
80 75 1.0
80 79 1.0
80 18 1.0
80 82 1.0
80 99 1.0
17 79 1.0
81 55 1.0
81 62 1.0
81 65 1.0
81 70 1.0
81 74 1.0
81 76 1.0
81 78 1.0
81 88 1.0
81 103 1.0
81 105 1.0
81 42 1.0
81 106 1.0
18 80 1.0
82 63 1.0
82 66 1.0
82 67 1.0
82 80 1.0
82 83 1.0
82 19 1.0
82 84 1.0
83 82 1.0
83 38 1.0
19 82 1.0
84 65 1.0
84 82 1.0
84 90 1.0
84 97 1.0
84 27 1.0
84 98 1.0
85 65 1.0
85 68 1.0
85 40 1.0
86 65 1.0
86 24 1.0
87 65 1.0
87 35 1.0
87 104 1.0
88 70 1.0
88 81 1.0
88 47 1.0
89 70 1.0
89 99 1.0
89 29 1.0
90 58 1.0
90 68 1.0
90 84 1.0
90 91 1.0
90 20 1.0
90 92 1.0
90 93 1.0
91 90 1.0
91 21 1.0
91 94 1.0
20 90 1.0
92 90 1.0
92 50 1.0
93 90 1.0
93 26 1.0
21 91 1.0
94 91 1.0
94 22 1.0
22 94 1.0
23 78 1.0
95 78 1.0
95 49 1.0
24 86 1.0
96 75 1.0
96 25 1.0
25 96 1.0
26 93 1.0
97 84 1.0
97 39 1.0
27 84 1.0
98 84 1.0
98 41 1.0
99 55 1.0
99 80 1.0
99 89 1.0
99 28 1.0
99 100 1.0
28 99 1.0
100 99 1.0
100 53 1.0
29 89 1.0
30 68 1.0
31 101 1.0
101 68 1.0
101 31 1.0
32 102 1.0
102 55 1.0
102 32 1.0
33 103 1.0
103 81 1.0
103 33 1.0
34 69 1.0
35 87 1.0
36 72 1.0
104 68 1.0
104 87 1.0
104 37 1.0
37 104 1.0
38 83 1.0
39 97 1.0
40 85 1.0
41 98 1.0
105 81 1.0
105 51 1.0
42 81 1.0
106 81 1.0
106 48 1.0
43 76 1.0
44 74 1.0
107 75 1.0
107 45 1.0
45 107 1.0
46 55 1.0
47 88 1.0
48 106 1.0
49 95 1.0
50 92 1.0
51 105 1.0
52 75 1.0
53 100 1.0
