116
260
58 0 1.0
58 59 1.0
0 58 1.0
59 58 1.0
59 74 1.0
59 82 1.0
59 85 1.0
59 86 1.0
59 94 1.0
59 104 1.0
59 108 1.0
59 49 1.0
60 61 1.0
60 1 1.0
61 60 1.0
61 69 1.0
61 72 1.0
61 73 1.0
61 11 1.0
1 60 1.0
2 62 1.0
62 2 1.0
62 99 1.0
62 102 1.0
3 63 1.0
63 3 1.0
63 64 1.0
4 64 1.0
64 63 1.0
64 4 1.0
64 65 1.0
64 66 1.0
64 85 1.0
64 90 1.0
64 96 1.0
5 65 1.0
65 64 1.0
65 5 1.0
6 66 1.0
66 64 1.0
66 6 1.0
7 67 1.0
67 7 1.0
67 73 1.0
67 76 1.0
67 85 1.0
68 69 1.0
68 8 1.0
69 61 1.0
69 68 1.0
69 70 1.0
69 73 1.0
69 77 1.0
69 82 1.0
69 85 1.0
69 89 1.0
69 90 1.0
69 19 1.0
69 91 1.0
8 68 1.0
9 70 1.0
70 69 1.0
70 9 1.0
70 73 1.0
10 71 1.0
71 10 1.0
71 90 1.0
72 61 1.0
72 38 1.0
73 61 1.0
73 67 1.0
73 69 1.0
73 70 1.0
73 97 1.0
73 99 1.0
73 103 1.0
73 29 1.0
11 61 1.0
12 74 1.0
74 59 1.0
74 12 1.0
13 75 1.0
75 13 1.0
75 82 1.0
76 67 1.0
76 14 1.0
14 76 1.0
77 69 1.0
77 78 1.0
77 15 1.0
77 79 1.0
77 80 1.0
78 77 1.0
78 85 1.0
78 101 1.0
78 114 1.0
78 57 1.0
15 77 1.0
79 77 1.0
79 82 1.0
79 92 1.0
79 44 1.0
80 77 1.0
80 82 1.0
80 45 1.0
81 16 1.0
81 82 1.0
81 83 1.0
16 81 1.0
82 59 1.0
82 69 1.0
82 75 1.0
82 79 1.0
82 80 1.0
82 81 1.0
82 86 1.0
82 88 1.0
82 94 1.0
82 95 1.0
82 109 1.0
82 110 1.0
82 43 1.0
83 81 1.0
83 35 1.0
84 17 1.0
84 85 1.0
17 84 1.0
85 59 1.0
85 64 1.0
85 67 1.0
85 69 1.0
85 78 1.0
85 84 1.0
85 104 1.0
85 33 1.0
86 59 1.0
86 82 1.0
86 87 1.0
86 18 1.0
86 88 1.0
87 86 1.0
87 30 1.0
87 104 1.0
18 86 1.0
88 82 1.0
88 86 1.0
88 42 1.0
89 69 1.0
89 53 1.0
90 64 1.0
90 69 1.0
90 71 1.0
90 99 1.0
90 100 1.0
90 25 1.0
19 69 1.0
91 69 1.0
91 97 1.0
91 39 1.0
92 79 1.0
92 20 1.0
20 92 1.0
93 94 1.0
93 21 1.0
94 59 1.0
94 82 1.0
94 93 1.0
94 32 1.0
94 106 1.0
21 93 1.0
22 95 1.0
95 82 1.0
95 22 1.0
96 64 1.0
96 40 1.0
97 73 1.0
97 91 1.0
97 23 1.0
23 97 1.0
98 99 1.0
98 24 1.0
99 62 1.0
99 73 1.0
99 90 1.0
99 98 1.0
99 113 1.0
99 115 1.0
99 54 1.0
24 98 1.0
100 90 1.0
100 41 1.0
25 90 1.0
101 78 1.0
101 26 1.0
26 101 1.0
102 62 1.0
102 27 1.0
27 102 1.0
103 73 1.0
103 28 1.0
28 103 1.0
29 73 1.0
30 87 1.0
104 59 1.0
104 85 1.0
104 87 1.0
104 105 1.0
104 46 1.0
104 111 1.0
104 112 1.0
105 104 1.0
105 31 1.0
31 105 1.0
32 94 1.0
106 94 1.0
106 48 1.0
33 85 1.0
34 107 1.0
107 34 1.0
107 113 1.0
35 83 1.0
36 108 1.0
108 59 1.0
108 36 1.0
37 109 1.0
109 82 1.0
109 37 1.0
38 72 1.0
39 91 1.0
40 96 1.0
41 100 1.0
42 88 1.0
110 82 1.0
110 56 1.0
43 82 1.0
44 79 1.0
45 80 1.0
46 104 1.0
111 104 1.0
111 50 1.0
112 104 1.0
112 47 1.0
47 112 1.0
48 106 1.0
49 59 1.0
113 99 1.0
113 107 1.0
113 55 1.0
50 111 1.0
51 114 1.0
114 78 1.0
114 51 1.0
115 99 1.0
115 52 1.0
52 115 1.0
53 89 1.0
54 99 1.0
55 113 1.0
56 110 1.0
57 78 1.0
