108
244
54 0 1.0
54 55 1.0
0 54 1.0
55 54 1.0
55 61 1.0
55 70 1.0
55 78 1.0
55 80 1.0
55 81 1.0
55 95 1.0
55 101 1.0
55 47 1.0
56 57 1.0
56 1 1.0
57 56 1.0
57 65 1.0
57 68 1.0
57 69 1.0
57 11 1.0
1 56 1.0
2 58 1.0
58 2 1.0
58 89 1.0
3 59 1.0
59 3 1.0
59 74 1.0
4 60 1.0
60 4 1.0
60 78 1.0
5 61 1.0
61 55 1.0
61 5 1.0
6 62 1.0
62 6 1.0
62 81 1.0
7 63 1.0
63 7 1.0
63 82 1.0
64 65 1.0
64 8 1.0
65 57 1.0
65 64 1.0
65 68 1.0
65 13 1.0
65 73 1.0
65 80 1.0
65 81 1.0
65 83 1.0
65 85 1.0
65 86 1.0
8 64 1.0
9 66 1.0
66 9 1.0
66 82 1.0
10 67 1.0
67 10 1.0
67 82 1.0
68 57 1.0
68 65 1.0
68 72 1.0
68 85 1.0
68 89 1.0
68 30 1.0
68 100 1.0
68 103 1.0
69 57 1.0
69 34 1.0
11 57 1.0
12 70 1.0
70 55 1.0
70 12 1.0
70 81 1.0
70 87 1.0
70 88 1.0
13 65 1.0
71 14 1.0
71 72 1.0
14 71 1.0
72 68 1.0
72 71 1.0
72 80 1.0
72 36 1.0
73 65 1.0
73 74 1.0
73 75 1.0
73 76 1.0
73 15 1.0
74 59 1.0
74 73 1.0
74 81 1.0
74 44 1.0
75 73 1.0
75 80 1.0
75 18 1.0
75 96 1.0
75 107 1.0
76 73 1.0
76 81 1.0
76 45 1.0
15 73 1.0
77 78 1.0
77 16 1.0
78 55 1.0
78 60 1.0
78 77 1.0
78 81 1.0
78 22 1.0
78 94 1.0
16 77 1.0
79 17 1.0
79 80 1.0
17 79 1.0
80 55 1.0
80 65 1.0
80 72 1.0
80 75 1.0
80 79 1.0
80 82 1.0
80 95 1.0
80 23 1.0
81 55 1.0
81 62 1.0
81 65 1.0
81 70 1.0
81 74 1.0
81 76 1.0
81 78 1.0
81 88 1.0
81 102 1.0
81 104 1.0
81 105 1.0
81 43 1.0
18 75 1.0
82 63 1.0
82 66 1.0
82 67 1.0
82 80 1.0
82 19 1.0
82 83 1.0
82 84 1.0
19 82 1.0
83 65 1.0
83 82 1.0
83 89 1.0
83 27 1.0
83 97 1.0
83 98 1.0
84 82 1.0
84 38 1.0
85 65 1.0
85 68 1.0
85 40 1.0
86 65 1.0
86 35 1.0
86 103 1.0
87 70 1.0
87 95 1.0
87 28 1.0
88 70 1.0
88 81 1.0
88 42 1.0
89 58 1.0
89 68 1.0
89 83 1.0
89 90 1.0
89 91 1.0
89 20 1.0
89 92 1.0
90 89 1.0
90 93 1.0
90 21 1.0
91 89 1.0
91 26 1.0
20 89 1.0
92 89 1.0
92 50 1.0
93 90 1.0
93 25 1.0
21 90 1.0
22 78 1.0
94 78 1.0
94 46 1.0
95 55 1.0
95 80 1.0
95 87 1.0
95 99 1.0
95 106 1.0
95 53 1.0
23 80 1.0
96 75 1.0
96 24 1.0
24 96 1.0
25 93 1.0
26 91 1.0
27 83 1.0
97 83 1.0
97 39 1.0
98 83 1.0
98 41 1.0
28 87 1.0
99 95 1.0
99 29 1.0
29 99 1.0
30 68 1.0
31 100 1.0
100 68 1.0
100 31 1.0
32 101 1.0
101 55 1.0
101 32 1.0
33 102 1.0
102 81 1.0
102 33 1.0
34 69 1.0
35 86 1.0
36 72 1.0
103 68 1.0
103 86 1.0
103 37 1.0
37 103 1.0
38 84 1.0
39 97 1.0
40 85 1.0
41 98 1.0
42 88 1.0
104 81 1.0
104 51 1.0
105 81 1.0
105 48 1.0
43 81 1.0
44 74 1.0
45 76 1.0
46 94 1.0
47 55 1.0
48 105 1.0
49 106 1.0
106 95 1.0
106 49 1.0
50 92 1.0
51 104 1.0
52 107 1.0
107 75 1.0
107 52 1.0
53 95 1.0
