74
186
0 37 1.0
37 0 1.0
37 38 1.0
37 45 1.0
37 46 1.0
37 49 1.0
1 38 1.0
38 37 1.0
38 1 1.0
38 39 1.0
38 49 1.0
38 51 1.0
38 52 1.0
38 53 1.0
2 39 1.0
39 38 1.0
39 2 1.0
39 46 1.0
39 53 1.0
39 61 1.0
39 73 1.0
3 40 1.0
40 3 1.0
40 42 1.0
40 46 1.0
40 54 1.0
40 55 1.0
40 57 1.0
40 58 1.0
40 59 1.0
4 41 1.0
41 4 1.0
41 46 1.0
41 47 1.0
41 56 1.0
5 42 1.0
42 40 1.0
42 5 1.0
42 43 1.0
42 46 1.0
6 43 1.0
43 42 1.0
43 6 1.0
43 60 1.0
7 44 1.0
44 7 1.0
44 45 1.0
44 46 1.0
8 45 1.0
45 37 1.0
45 44 1.0
45 8 1.0
45 49 1.0
45 60 1.0
9 46 1.0
46 37 1.0
46 39 1.0
46 40 1.0
46 41 1.0
46 42 1.0
46 44 1.0
46 9 1.0
46 47 1.0
46 55 1.0
46 62 1.0
10 47 1.0
47 41 1.0
47 46 1.0
47 10 1.0
47 61 1.0
11 48 1.0
48 11 1.0
48 66 1.0
12 49 1.0
49 37 1.0
49 38 1.0
49 45 1.0
49 12 1.0
49 50 1.0
13 50 1.0
50 49 1.0
50 13 1.0
50 60 1.0
51 38 1.0
51 27 1.0
52 38 1.0
52 53 1.0
52 29 1.0
53 38 1.0
53 39 1.0
53 52 1.0
53 67 1.0
53 22 1.0
14 54 1.0
54 40 1.0
54 14 1.0
54 60 1.0
15 55 1.0
55 40 1.0
55 46 1.0
55 15 1.0
56 41 1.0
56 63 1.0
56 35 1.0
57 40 1.0
57 16 1.0
57 63 1.0
58 40 1.0
58 59 1.0
58 30 1.0
59 40 1.0
59 58 1.0
59 64 1.0
59 31 1.0
60 43 1.0
60 45 1.0
60 50 1.0
60 54 1.0
60 62 1.0
60 19 1.0
60 65 1.0
61 39 1.0
61 47 1.0
61 17 1.0
61 66 1.0
62 46 1.0
62 60 1.0
62 28 1.0
16 57 1.0
63 56 1.0
63 57 1.0
63 34 1.0
17 61 1.0
64 59 1.0
64 18 1.0
18 64 1.0
19 60 1.0
65 60 1.0
65 32 1.0
66 48 1.0
66 61 1.0
66 67 1.0
66 68 1.0
66 20 1.0
66 69 1.0
67 53 1.0
67 66 1.0
67 68 1.0
67 71 1.0
67 25 1.0
67 72 1.0
68 66 1.0
68 67 1.0
68 71 1.0
68 24 1.0
20 66 1.0
69 66 1.0
69 70 1.0
69 73 1.0
69 36 1.0
70 69 1.0
70 21 1.0
21 70 1.0
22 53 1.0
71 67 1.0
71 68 1.0
71 23 1.0
23 71 1.0
24 68 1.0
25 67 1.0
72 67 1.0
72 26 1.0
26 72 1.0
27 51 1.0
28 62 1.0
29 52 1.0
30 58 1.0
31 59 1.0
32 65 1.0
33 73 1.0
73 39 1.0
73 69 1.0
73 33 1.0
34 63 1.0
35 56 1.0
36 69 1.0
