54
130
0 27 1.0
27 0 1.0
27 28 1.0
27 37 1.0
27 41 1.0
27 43 1.0
1 28 1.0
28 27 1.0
28 1 1.0
28 31 1.0
28 33 1.0
28 41 1.0
28 42 1.0
2 29 1.0
29 2 1.0
29 31 1.0
29 46 1.0
29 48 1.0
3 30 1.0
30 3 1.0
30 31 1.0
30 33 1.0
30 35 1.0
30 46 1.0
30 47 1.0
30 48 1.0
4 31 1.0
31 28 1.0
31 29 1.0
31 30 1.0
31 4 1.0
31 32 1.0
31 34 1.0
31 40 1.0
31 44 1.0
31 45 1.0
5 32 1.0
32 31 1.0
32 5 1.0
32 37 1.0
32 49 1.0
6 33 1.0
33 28 1.0
33 30 1.0
33 6 1.0
33 34 1.0
7 34 1.0
34 31 1.0
34 33 1.0
34 7 1.0
34 35 1.0
8 35 1.0
35 30 1.0
35 34 1.0
35 8 1.0
35 36 1.0
9 36 1.0
36 35 1.0
36 9 1.0
10 37 1.0
37 27 1.0
37 32 1.0
37 10 1.0
11 38 1.0
38 11 1.0
38 40 1.0
12 39 1.0
39 12 1.0
39 40 1.0
13 40 1.0
40 31 1.0
40 38 1.0
40 39 1.0
40 13 1.0
40 48 1.0
40 49 1.0
40 53 1.0
41 27 1.0
41 28 1.0
41 17 1.0
42 28 1.0
42 18 1.0
43 27 1.0
43 20 1.0
44 31 1.0
44 48 1.0
44 15 1.0
45 31 1.0
45 48 1.0
45 50 1.0
45 51 1.0
45 22 1.0
46 29 1.0
46 30 1.0
46 47 1.0
46 21 1.0
47 30 1.0
47 46 1.0
47 16 1.0
48 29 1.0
48 30 1.0
48 40 1.0
48 44 1.0
48 45 1.0
48 14 1.0
48 52 1.0
49 32 1.0
49 40 1.0
49 25 1.0
14 48 1.0
15 44 1.0
16 47 1.0
17 41 1.0
18 42 1.0
50 45 1.0
50 19 1.0
19 50 1.0
20 43 1.0
21 46 1.0
51 45 1.0
51 23 1.0
22 45 1.0
23 51 1.0
52 48 1.0
52 24 1.0
24 52 1.0
25 49 1.0
53 40 1.0
53 26 1.0
26 53 1.0
