134
324
67 68 1.0
67 0 1.0
67 69 1.0
68 67 1.0
68 87 1.0
68 30 1.0
68 115 1.0
0 67 1.0
69 67 1.0
69 46 1.0
69 127 1.0
70 1 1.0
70 71 1.0
70 72 1.0
1 70 1.0
71 70 1.0
71 82 1.0
71 11 1.0
71 83 1.0
72 70 1.0
72 79 1.0
72 8 1.0
2 73 1.0
73 2 1.0
73 106 1.0
73 132 1.0
3 74 1.0
74 3 1.0
74 84 1.0
74 94 1.0
4 75 1.0
75 4 1.0
75 76 1.0
75 89 1.0
75 95 1.0
75 106 1.0
75 107 1.0
75 108 1.0
75 109 1.0
5 76 1.0
76 75 1.0
76 5 1.0
76 108 1.0
6 77 1.0
77 6 1.0
77 78 1.0
77 104 1.0
7 78 1.0
78 77 1.0
78 7 1.0
78 107 1.0
78 110 1.0
78 111 1.0
78 112 1.0
78 113 1.0
79 72 1.0
79 83 1.0
79 48 1.0
8 72 1.0
9 80 1.0
80 9 1.0
80 81 1.0
80 107 1.0
10 81 1.0
81 80 1.0
81 10 1.0
82 71 1.0
82 84 1.0
82 13 1.0
82 95 1.0
82 102 1.0
11 71 1.0
83 71 1.0
83 79 1.0
83 102 1.0
83 57 1.0
12 84 1.0
84 74 1.0
84 82 1.0
84 12 1.0
84 98 1.0
13 82 1.0
85 86 1.0
85 14 1.0
85 87 1.0
86 85 1.0
86 23 1.0
86 103 1.0
14 85 1.0
87 68 1.0
87 85 1.0
87 103 1.0
87 32 1.0
88 15 1.0
88 89 1.0
88 90 1.0
88 91 1.0
15 88 1.0
89 75 1.0
89 88 1.0
89 90 1.0
89 102 1.0
89 107 1.0
89 49 1.0
90 88 1.0
90 89 1.0
90 96 1.0
90 20 1.0
91 88 1.0
91 96 1.0
91 97 1.0
91 19 1.0
92 16 1.0
92 93 1.0
16 92 1.0
93 92 1.0
93 101 1.0
93 29 1.0
93 115 1.0
94 74 1.0
94 95 1.0
94 17 1.0
95 75 1.0
95 82 1.0
95 94 1.0
95 96 1.0
95 18 1.0
95 97 1.0
17 94 1.0
96 90 1.0
96 91 1.0
96 95 1.0
96 55 1.0
18 95 1.0
97 91 1.0
97 95 1.0
97 58 1.0
19 91 1.0
20 90 1.0
98 84 1.0
98 21 1.0
98 99 1.0
21 98 1.0
99 98 1.0
99 102 1.0
99 37 1.0
100 101 1.0
100 22 1.0
100 102 1.0
101 93 1.0
101 100 1.0
101 26 1.0
101 114 1.0
22 100 1.0
102 82 1.0
102 83 1.0
102 89 1.0
102 99 1.0
102 100 1.0
102 115 1.0
102 38 1.0
23 86 1.0
103 86 1.0
103 87 1.0
103 45 1.0
104 77 1.0
104 111 1.0
104 118 1.0
104 56 1.0
24 105 1.0
105 24 1.0
105 124 1.0
105 131 1.0
106 73 1.0
106 75 1.0
106 108 1.0
106 116 1.0
106 117 1.0
106 33 1.0
107 75 1.0
107 78 1.0
107 80 1.0
107 89 1.0
107 25 1.0
108 75 1.0
108 76 1.0
108 106 1.0
108 109 1.0
108 116 1.0
108 53 1.0
109 75 1.0
109 108 1.0
109 122 1.0
109 125 1.0
109 50 1.0
25 107 1.0
110 78 1.0
110 113 1.0
110 28 1.0
110 120 1.0
110 126 1.0
111 78 1.0
111 104 1.0
111 116 1.0
111 125 1.0
111 59 1.0
112 78 1.0
112 118 1.0
112 60 1.0
113 78 1.0
113 110 1.0
113 120 1.0
113 126 1.0
113 43 1.0
26 101 1.0
27 114 1.0
114 101 1.0
114 27 1.0
28 110 1.0
29 93 1.0
30 68 1.0
31 115 1.0
115 68 1.0
115 93 1.0
115 102 1.0
115 31 1.0
32 87 1.0
116 106 1.0
116 108 1.0
116 111 1.0
116 119 1.0
116 122 1.0
116 130 1.0
116 52 1.0
117 106 1.0
117 34 1.0
33 106 1.0
34 117 1.0
118 104 1.0
118 112 1.0
118 119 1.0
118 35 1.0
119 116 1.0
119 118 1.0
119 120 1.0
119 121 1.0
119 36 1.0
35 118 1.0
120 110 1.0
120 113 1.0
120 119 1.0
120 126 1.0
120 44 1.0
121 119 1.0
121 123 1.0
121 42 1.0
36 119 1.0
37 99 1.0
38 102 1.0
122 109 1.0
122 116 1.0
122 39 1.0
122 123 1.0
39 122 1.0
123 121 1.0
123 122 1.0
123 40 1.0
123 124 1.0
40 123 1.0
124 105 1.0
124 123 1.0
124 61 1.0
125 109 1.0
125 111 1.0
125 41 1.0
41 125 1.0
42 121 1.0
126 110 1.0
126 113 1.0
126 120 1.0
126 62 1.0
126 133 1.0
43 113 1.0
44 120 1.0
45 103 1.0
46 69 1.0
47 127 1.0
127 69 1.0
127 47 1.0
48 79 1.0
49 89 1.0
50 109 1.0
128 51 1.0
128 129 1.0
51 128 1.0
129 128 1.0
129 131 1.0
129 54 1.0
130 116 1.0
130 63 1.0
130 132 1.0
52 116 1.0
53 108 1.0
131 105 1.0
131 129 1.0
131 65 1.0
54 129 1.0
55 96 1.0
56 104 1.0
57 83 1.0
58 97 1.0
59 111 1.0
60 112 1.0
61 124 1.0
62 126 1.0
63 130 1.0
64 132 1.0
132 73 1.0
132 130 1.0
132 64 1.0
65 131 1.0
133 126 1.0
133 66 1.0
66 133 1.0
