34
96
0 17 1.0
17 0 1.0
17 24 1.0
1 18 1.0
18 1 1.0
18 20 1.0
18 22 1.0
18 25 1.0
18 26 1.0
18 27 1.0
18 28 1.0
18 29 1.0
18 30 1.0
18 31 1.0
2 19 1.0
19 2 1.0
19 24 1.0
19 26 1.0
19 30 1.0
3 20 1.0
20 18 1.0
20 3 1.0
20 21 1.0
20 27 1.0
4 21 1.0
21 20 1.0
21 4 1.0
21 24 1.0
5 22 1.0
22 18 1.0
22 5 1.0
22 27 1.0
6 23 1.0
23 6 1.0
23 26 1.0
7 24 1.0
24 17 1.0
24 19 1.0
24 21 1.0
24 7 1.0
24 27 1.0
24 30 1.0
8 25 1.0
25 18 1.0
25 8 1.0
25 27 1.0
25 30 1.0
9 26 1.0
26 18 1.0
26 19 1.0
26 23 1.0
26 9 1.0
26 27 1.0
26 30 1.0
27 18 1.0
27 20 1.0
27 22 1.0
27 24 1.0
27 25 1.0
27 26 1.0
27 29 1.0
27 30 1.0
27 33 1.0
27 15 1.0
28 18 1.0
28 30 1.0
28 13 1.0
29 18 1.0
29 27 1.0
29 30 1.0
29 32 1.0
29 16 1.0
30 18 1.0
30 19 1.0
30 24 1.0
30 25 1.0
30 26 1.0
30 27 1.0
30 28 1.0
30 29 1.0
30 31 1.0
30 11 1.0
31 18 1.0
31 30 1.0
31 12 1.0
32 29 1.0
32 10 1.0
10 32 1.0
11 30 1.0
12 31 1.0
13 28 1.0
33 27 1.0
33 14 1.0
14 33 1.0
15 27 1.0
16 29 1.0
