18
58
0 9 1.0
9 0 1.0
9 10 1.0
9 11 1.0
9 13 1.0
9 15 1.0
10 9 1.0
10 1 1.0
10 11 1.0
10 12 1.0
10 13 1.0
1 10 1.0
11 9 1.0
11 10 1.0
11 13 1.0
11 17 1.0
11 7 1.0
12 10 1.0
12 2 1.0
12 14 1.0
12 15 1.0
12 16 1.0
12 17 1.0
13 9 1.0
13 10 1.0
13 11 1.0
13 16 1.0
13 3 1.0
2 12 1.0
14 12 1.0
14 15 1.0
14 16 1.0
14 17 1.0
14 8 1.0
15 9 1.0
15 12 1.0
15 14 1.0
15 16 1.0
15 17 1.0
15 5 1.0
16 12 1.0
16 13 1.0
16 14 1.0
16 15 1.0
16 17 1.0
16 4 1.0
17 11 1.0
17 12 1.0
17 14 1.0
17 15 1.0
17 16 1.0
17 6 1.0
3 13 1.0
4 16 1.0
5 15 1.0
6 17 1.0
7 11 1.0
8 14 1.0
