30
90
5 6 1.0
5 10 1.0
6 5 1.0
6 7 1.0
6 11 1.0
7 6 1.0
7 8 1.0
7 12 1.0
8 7 1.0
8 9 1.0
8 13 1.0
9 8 1.0
9 14 1.0
10 5 1.0
10 11 1.0
10 15 1.0
11 6 1.0
11 10 1.0
11 12 1.0
11 16 1.0
12 7 1.0
12 11 1.0
12 13 1.0
12 17 1.0
13 8 1.0
13 12 1.0
13 14 1.0
13 18 1.0
14 9 1.0
14 13 1.0
14 19 1.0
15 10 1.0
15 16 1.0
15 20 1.0
15 0 1.0
16 11 1.0
16 15 1.0
16 17 1.0
16 21 1.0
16 1 1.0
17 12 1.0
17 16 1.0
17 18 1.0
17 22 1.0
17 2 1.0
18 13 1.0
18 17 1.0
18 19 1.0
18 23 1.0
18 3 1.0
19 14 1.0
19 18 1.0
19 24 1.0
19 4 1.0
20 15 1.0
20 21 1.0
20 25 1.0
21 16 1.0
21 20 1.0
21 22 1.0
21 26 1.0
22 17 1.0
22 21 1.0
22 23 1.0
22 27 1.0
23 18 1.0
23 22 1.0
23 24 1.0
23 28 1.0
24 19 1.0
24 23 1.0
24 29 1.0
25 20 1.0
25 26 1.0
26 21 1.0
26 25 1.0
26 27 1.0
27 22 1.0
27 26 1.0
27 28 1.0
28 23 1.0
28 27 1.0
28 29 1.0
29 24 1.0
29 28 1.0
0 15 1.0
1 16 1.0
2 17 1.0
3 18 1.0
4 19 1.0
