74
158
0 37 1.0
37 0 1.0
37 38 1.0
37 47 1.0
37 51 1.0
37 52 1.0
37 53 1.0
1 38 1.0
38 37 1.0
38 1 1.0
38 49 1.0
2 39 1.0
39 2 1.0
39 48 1.0
39 53 1.0
3 40 1.0
40 3 1.0
40 41 1.0
40 42 1.0
40 43 1.0
40 53 1.0
40 56 1.0
4 41 1.0
41 40 1.0
41 4 1.0
5 42 1.0
42 40 1.0
42 5 1.0
6 43 1.0
43 40 1.0
43 6 1.0
7 44 1.0
44 7 1.0
44 45 1.0
44 55 1.0
8 45 1.0
45 44 1.0
45 8 1.0
9 46 1.0
46 9 1.0
46 47 1.0
46 57 1.0
10 47 1.0
47 37 1.0
47 46 1.0
47 10 1.0
11 48 1.0
48 39 1.0
48 11 1.0
12 49 1.0
49 38 1.0
49 12 1.0
49 50 1.0
13 50 1.0
50 49 1.0
50 13 1.0
50 51 1.0
51 37 1.0
51 50 1.0
51 53 1.0
51 71 1.0
51 28 1.0
51 72 1.0
52 37 1.0
52 56 1.0
52 58 1.0
52 60 1.0
52 18 1.0
53 37 1.0
53 39 1.0
53 40 1.0
53 51 1.0
53 56 1.0
53 17 1.0
53 63 1.0
53 65 1.0
53 67 1.0
53 68 1.0
53 69 1.0
53 72 1.0
14 54 1.0
54 14 1.0
54 56 1.0
15 55 1.0
55 44 1.0
55 15 1.0
55 56 1.0
55 65 1.0
56 40 1.0
56 52 1.0
56 53 1.0
56 54 1.0
56 55 1.0
56 61 1.0
56 32 1.0
57 46 1.0
57 35 1.0
58 52 1.0
58 16 1.0
58 59 1.0
16 58 1.0
59 58 1.0
59 34 1.0
17 53 1.0
60 52 1.0
60 31 1.0
18 52 1.0
19 61 1.0
61 56 1.0
61 19 1.0
61 62 1.0
62 61 1.0
62 30 1.0
63 53 1.0
63 20 1.0
20 63 1.0
64 21 1.0
64 65 1.0
64 66 1.0
21 64 1.0
65 53 1.0
65 55 1.0
65 64 1.0
65 70 1.0
65 73 1.0
65 36 1.0
66 64 1.0
66 26 1.0
67 53 1.0
67 22 1.0
22 67 1.0
68 53 1.0
68 23 1.0
23 68 1.0
69 53 1.0
69 24 1.0
24 69 1.0
70 65 1.0
70 25 1.0
25 70 1.0
26 66 1.0
71 51 1.0
71 27 1.0
27 71 1.0
28 51 1.0
72 51 1.0
72 53 1.0
72 29 1.0
29 72 1.0
30 62 1.0
31 60 1.0
32 56 1.0
33 73 1.0
73 65 1.0
73 33 1.0
34 59 1.0
35 57 1.0
36 65 1.0
