60
122
0 30 1.0
30 0 1.0
30 40 1.0
30 45 1.0
1 31 1.0
31 1 1.0
31 44 1.0
2 32 1.0
32 2 1.0
32 44 1.0
32 59 1.0
3 33 1.0
33 3 1.0
33 44 1.0
4 34 1.0
34 4 1.0
34 44 1.0
5 35 1.0
35 5 1.0
35 44 1.0
6 36 1.0
36 6 1.0
36 44 1.0
7 37 1.0
37 7 1.0
37 44 1.0
8 38 1.0
38 8 1.0
38 39 1.0
38 45 1.0
9 39 1.0
39 38 1.0
39 9 1.0
39 44 1.0
10 40 1.0
40 30 1.0
40 10 1.0
40 44 1.0
11 41 1.0
41 11 1.0
41 42 1.0
41 58 1.0
12 42 1.0
42 41 1.0
42 12 1.0
42 47 1.0
42 53 1.0
13 43 1.0
43 13 1.0
43 44 1.0
44 31 1.0
44 32 1.0
44 33 1.0
44 34 1.0
44 35 1.0
44 36 1.0
44 37 1.0
44 39 1.0
44 40 1.0
44 43 1.0
44 46 1.0
44 16 1.0
44 50 1.0
44 52 1.0
44 54 1.0
44 55 1.0
44 56 1.0
44 57 1.0
45 30 1.0
45 38 1.0
45 48 1.0
45 51 1.0
45 20 1.0
14 46 1.0
46 44 1.0
46 14 1.0
46 47 1.0
15 47 1.0
47 42 1.0
47 46 1.0
47 15 1.0
47 49 1.0
16 44 1.0
48 45 1.0
48 17 1.0
17 48 1.0
49 47 1.0
49 18 1.0
18 49 1.0
50 44 1.0
50 19 1.0
19 50 1.0
51 45 1.0
51 21 1.0
20 45 1.0
21 51 1.0
52 44 1.0
52 22 1.0
22 52 1.0
53 42 1.0
53 23 1.0
23 53 1.0
54 44 1.0
54 24 1.0
24 54 1.0
55 44 1.0
55 25 1.0
25 55 1.0
56 44 1.0
56 26 1.0
26 56 1.0
27 57 1.0
57 44 1.0
57 27 1.0
58 41 1.0
58 59 1.0
58 29 1.0
59 32 1.0
59 58 1.0
59 28 1.0
28 59 1.0
29 58 1.0
