66
140
0 33 1.0
33 0 1.0
33 34 1.0
33 43 1.0
33 47 1.0
1 34 1.0
34 33 1.0
34 1 1.0
34 38 1.0
2 35 1.0
35 2 1.0
35 63 1.0
35 65 1.0
3 36 1.0
36 3 1.0
36 37 1.0
36 50 1.0
4 37 1.0
37 36 1.0
37 4 1.0
37 38 1.0
5 38 1.0
38 34 1.0
38 37 1.0
38 5 1.0
38 39 1.0
38 40 1.0
38 45 1.0
38 46 1.0
38 52 1.0
6 39 1.0
39 38 1.0
39 6 1.0
39 51 1.0
7 40 1.0
40 38 1.0
40 7 1.0
40 41 1.0
8 41 1.0
41 40 1.0
41 8 1.0
41 53 1.0
9 42 1.0
42 9 1.0
42 43 1.0
42 54 1.0
10 43 1.0
43 33 1.0
43 42 1.0
43 10 1.0
11 44 1.0
44 11 1.0
44 50 1.0
44 57 1.0
44 62 1.0
12 45 1.0
45 38 1.0
45 12 1.0
13 46 1.0
46 38 1.0
46 13 1.0
47 33 1.0
47 17 1.0
47 56 1.0
47 57 1.0
47 58 1.0
14 48 1.0
48 14 1.0
48 49 1.0
48 57 1.0
15 49 1.0
49 48 1.0
49 15 1.0
49 65 1.0
50 36 1.0
50 44 1.0
50 32 1.0
51 39 1.0
51 62 1.0
51 27 1.0
52 38 1.0
52 19 1.0
52 61 1.0
53 41 1.0
53 60 1.0
53 61 1.0
53 64 1.0
53 22 1.0
54 42 1.0
54 60 1.0
54 25 1.0
16 55 1.0
55 16 1.0
55 60 1.0
17 47 1.0
56 47 1.0
56 21 1.0
57 44 1.0
57 47 1.0
57 48 1.0
57 28 1.0
58 47 1.0
58 29 1.0
59 60 1.0
59 18 1.0
60 53 1.0
60 54 1.0
60 55 1.0
60 59 1.0
60 23 1.0
18 59 1.0
19 52 1.0
61 52 1.0
61 53 1.0
61 24 1.0
62 44 1.0
62 51 1.0
62 20 1.0
62 63 1.0
20 62 1.0
63 35 1.0
63 62 1.0
63 30 1.0
21 56 1.0
64 53 1.0
64 26 1.0
22 53 1.0
23 60 1.0
24 61 1.0
25 54 1.0
26 64 1.0
27 51 1.0
28 57 1.0
29 58 1.0
30 63 1.0
65 35 1.0
65 49 1.0
65 31 1.0
31 65 1.0
32 50 1.0
