42
90
0 21 1.0
21 0 1.0
21 32 1.0
1 22 1.0
22 1 1.0
22 31 1.0
2 23 1.0
23 2 1.0
23 30 1.0
23 33 1.0
3 24 1.0
24 3 1.0
24 30 1.0
4 25 1.0
25 4 1.0
25 30 1.0
25 34 1.0
5 26 1.0
26 5 1.0
26 30 1.0
6 27 1.0
27 6 1.0
27 30 1.0
7 28 1.0
28 7 1.0
28 30 1.0
28 35 1.0
8 29 1.0
29 8 1.0
29 30 1.0
9 30 1.0
30 23 1.0
30 24 1.0
30 25 1.0
30 26 1.0
30 27 1.0
30 28 1.0
30 29 1.0
30 9 1.0
30 36 1.0
30 37 1.0
30 38 1.0
30 39 1.0
31 22 1.0
31 34 1.0
31 38 1.0
31 10 1.0
32 21 1.0
32 38 1.0
32 11 1.0
33 23 1.0
33 38 1.0
33 17 1.0
34 25 1.0
34 31 1.0
34 41 1.0
34 15 1.0
35 28 1.0
35 20 1.0
36 30 1.0
36 16 1.0
37 30 1.0
37 38 1.0
37 13 1.0
38 30 1.0
38 31 1.0
38 32 1.0
38 33 1.0
38 37 1.0
38 39 1.0
38 12 1.0
38 40 1.0
39 30 1.0
39 38 1.0
39 19 1.0
10 31 1.0
11 32 1.0
12 38 1.0
40 38 1.0
40 14 1.0
13 37 1.0
14 40 1.0
41 34 1.0
41 18 1.0
15 34 1.0
16 36 1.0
17 33 1.0
18 41 1.0
19 39 1.0
20 35 1.0
