110
272
55 0 1.0
55 56 1.0
55 57 1.0
55 58 1.0
0 55 1.0
56 55 1.0
56 69 1.0
56 85 1.0
56 97 1.0
56 108 1.0
56 53 1.0
57 55 1.0
57 84 1.0
57 85 1.0
57 34 1.0
58 55 1.0
58 97 1.0
58 24 1.0
59 60 1.0
59 61 1.0
59 1 1.0
60 59 1.0
60 73 1.0
60 82 1.0
60 31 1.0
61 59 1.0
61 68 1.0
61 73 1.0
61 11 1.0
1 59 1.0
2 62 1.0
62 2 1.0
62 91 1.0
62 94 1.0
62 109 1.0
3 63 1.0
63 3 1.0
63 74 1.0
63 75 1.0
4 64 1.0
64 4 1.0
64 84 1.0
64 85 1.0
5 65 1.0
65 5 1.0
65 76 1.0
65 77 1.0
65 85 1.0
6 66 1.0
66 6 1.0
66 67 1.0
66 82 1.0
7 67 1.0
67 66 1.0
67 7 1.0
67 88 1.0
68 61 1.0
68 69 1.0
68 8 1.0
68 70 1.0
69 56 1.0
69 68 1.0
69 70 1.0
69 104 1.0
69 43 1.0
8 68 1.0
70 68 1.0
70 69 1.0
70 75 1.0
70 76 1.0
70 81 1.0
70 36 1.0
9 71 1.0
71 9 1.0
71 83 1.0
71 88 1.0
71 89 1.0
71 90 1.0
10 72 1.0
72 10 1.0
72 86 1.0
72 87 1.0
73 60 1.0
73 61 1.0
73 81 1.0
73 89 1.0
73 32 1.0
11 61 1.0
12 74 1.0
74 63 1.0
74 12 1.0
74 75 1.0
74 78 1.0
13 75 1.0
75 63 1.0
75 70 1.0
75 74 1.0
75 13 1.0
76 65 1.0
76 70 1.0
76 14 1.0
14 76 1.0
77 65 1.0
77 15 1.0
77 78 1.0
77 79 1.0
15 77 1.0
78 74 1.0
78 77 1.0
78 79 1.0
78 80 1.0
78 18 1.0
78 81 1.0
79 77 1.0
79 78 1.0
79 17 1.0
80 78 1.0
80 16 1.0
16 80 1.0
17 79 1.0
18 78 1.0
81 70 1.0
81 73 1.0
81 78 1.0
81 86 1.0
81 87 1.0
81 89 1.0
81 96 1.0
81 23 1.0
82 60 1.0
82 66 1.0
82 41 1.0
19 83 1.0
83 71 1.0
83 19 1.0
83 99 1.0
83 103 1.0
84 57 1.0
84 64 1.0
84 35 1.0
85 56 1.0
85 57 1.0
85 64 1.0
85 65 1.0
85 33 1.0
86 72 1.0
86 81 1.0
86 96 1.0
86 104 1.0
86 47 1.0
87 72 1.0
87 81 1.0
87 89 1.0
87 37 1.0
88 67 1.0
88 71 1.0
88 20 1.0
89 71 1.0
89 73 1.0
89 81 1.0
89 87 1.0
89 38 1.0
90 71 1.0
90 99 1.0
90 39 1.0
90 103 1.0
20 88 1.0
91 62 1.0
91 92 1.0
91 21 1.0
91 93 1.0
91 94 1.0
92 91 1.0
92 93 1.0
92 26 1.0
92 99 1.0
21 91 1.0
93 91 1.0
93 92 1.0
93 98 1.0
93 25 1.0
94 62 1.0
94 91 1.0
94 95 1.0
94 22 1.0
95 94 1.0
95 99 1.0
95 27 1.0
22 94 1.0
96 81 1.0
96 86 1.0
96 104 1.0
96 40 1.0
23 81 1.0
97 56 1.0
97 58 1.0
97 108 1.0
97 50 1.0
24 58 1.0
98 93 1.0
98 100 1.0
98 102 1.0
98 30 1.0
25 93 1.0
26 92 1.0
99 83 1.0
99 90 1.0
99 92 1.0
99 95 1.0
99 28 1.0
27 95 1.0
28 99 1.0
100 98 1.0
100 101 1.0
100 29 1.0
101 100 1.0
101 106 1.0
101 48 1.0
29 100 1.0
102 98 1.0
102 109 1.0
102 49 1.0
30 98 1.0
31 60 1.0
32 73 1.0
33 85 1.0
34 57 1.0
35 84 1.0
36 70 1.0
37 87 1.0
38 89 1.0
39 90 1.0
103 83 1.0
103 90 1.0
103 42 1.0
104 69 1.0
104 86 1.0
104 96 1.0
104 108 1.0
104 46 1.0
40 96 1.0
41 82 1.0
42 103 1.0
43 69 1.0
105 106 1.0
105 44 1.0
105 107 1.0
106 101 1.0
106 105 1.0
106 54 1.0
44 105 1.0
107 105 1.0
107 109 1.0
107 52 1.0
108 56 1.0
108 97 1.0
108 104 1.0
108 45 1.0
45 108 1.0
46 104 1.0
47 86 1.0
48 101 1.0
109 62 1.0
109 102 1.0
109 107 1.0
109 51 1.0
49 102 1.0
50 97 1.0
51 109 1.0
52 107 1.0
53 56 1.0
54 106 1.0
