44
102
0 22 1.0
22 0 1.0
22 31 1.0
1 23 1.0
23 1 1.0
23 24 1.0
23 27 1.0
23 33 1.0
23 34 1.0
2 24 1.0
24 23 1.0
24 2 1.0
24 25 1.0
24 27 1.0
24 35 1.0
3 25 1.0
25 24 1.0
25 3 1.0
25 26 1.0
25 27 1.0
25 28 1.0
4 26 1.0
26 25 1.0
26 4 1.0
26 36 1.0
26 37 1.0
5 27 1.0
27 23 1.0
27 24 1.0
27 25 1.0
27 5 1.0
6 28 1.0
28 25 1.0
28 6 1.0
28 29 1.0
7 29 1.0
29 28 1.0
29 7 1.0
29 30 1.0
8 30 1.0
30 29 1.0
30 8 1.0
30 31 1.0
9 31 1.0
31 22 1.0
31 30 1.0
31 9 1.0
10 32 1.0
32 10 1.0
32 38 1.0
32 39 1.0
32 42 1.0
32 43 1.0
33 23 1.0
33 35 1.0
33 38 1.0
33 14 1.0
34 23 1.0
34 38 1.0
34 12 1.0
34 39 1.0
34 40 1.0
35 24 1.0
35 33 1.0
35 15 1.0
36 26 1.0
36 37 1.0
36 40 1.0
36 20 1.0
37 26 1.0
37 36 1.0
37 21 1.0
11 38 1.0
38 32 1.0
38 33 1.0
38 34 1.0
38 11 1.0
12 34 1.0
39 32 1.0
39 34 1.0
39 13 1.0
39 41 1.0
40 34 1.0
40 36 1.0
40 41 1.0
40 19 1.0
13 39 1.0
41 39 1.0
41 40 1.0
41 18 1.0
14 33 1.0
15 35 1.0
42 32 1.0
42 16 1.0
16 42 1.0
43 32 1.0
43 17 1.0
17 43 1.0
18 41 1.0
19 40 1.0
20 36 1.0
21 37 1.0
