36
78
0 18 1.0
18 0 1.0
18 19 1.0
18 28 1.0
1 19 1.0
19 18 1.0
19 1 1.0
19 20 1.0
2 20 1.0
20 19 1.0
20 2 1.0
20 25 1.0
3 21 1.0
21 3 1.0
21 26 1.0
21 27 1.0
4 22 1.0
22 4 1.0
22 24 1.0
22 27 1.0
5 23 1.0
23 5 1.0
23 24 1.0
23 29 1.0
23 30 1.0
6 24 1.0
24 22 1.0
24 23 1.0
24 6 1.0
24 32 1.0
7 25 1.0
25 20 1.0
25 7 1.0
25 26 1.0
25 31 1.0
8 26 1.0
26 21 1.0
26 25 1.0
26 8 1.0
9 27 1.0
27 21 1.0
27 22 1.0
27 9 1.0
28 18 1.0
28 29 1.0
28 14 1.0
28 34 1.0
29 23 1.0
29 28 1.0
29 32 1.0
29 11 1.0
30 23 1.0
30 13 1.0
31 25 1.0
31 33 1.0
31 10 1.0
32 24 1.0
32 29 1.0
32 12 1.0
33 31 1.0
33 34 1.0
33 35 1.0
33 17 1.0
10 31 1.0
11 29 1.0
12 32 1.0
13 30 1.0
14 28 1.0
34 28 1.0
34 33 1.0
34 15 1.0
34 35 1.0
15 34 1.0
35 33 1.0
35 34 1.0
35 16 1.0
16 35 1.0
17 33 1.0
