32
74
0 16 1.0
16 0 1.0
16 17 1.0
16 27 1.0
1 17 1.0
17 16 1.0
17 1 1.0
17 26 1.0
2 18 1.0
18 2 1.0
18 20 1.0
18 23 1.0
18 25 1.0
3 19 1.0
19 3 1.0
19 20 1.0
4 20 1.0
20 18 1.0
20 19 1.0
20 4 1.0
20 25 1.0
5 21 1.0
21 5 1.0
21 23 1.0
21 24 1.0
6 22 1.0
22 6 1.0
22 23 1.0
22 24 1.0
22 26 1.0
22 28 1.0
7 23 1.0
23 18 1.0
23 21 1.0
23 22 1.0
23 7 1.0
23 24 1.0
8 24 1.0
24 21 1.0
24 22 1.0
24 23 1.0
24 8 1.0
24 26 1.0
9 25 1.0
25 18 1.0
25 20 1.0
25 9 1.0
26 17 1.0
26 22 1.0
26 24 1.0
26 13 1.0
27 16 1.0
27 29 1.0
27 31 1.0
27 15 1.0
28 22 1.0
28 30 1.0
28 14 1.0
29 27 1.0
29 30 1.0
29 10 1.0
30 28 1.0
30 29 1.0
30 31 1.0
30 11 1.0
10 29 1.0
31 27 1.0
31 30 1.0
31 12 1.0
11 30 1.0
12 31 1.0
13 26 1.0
14 28 1.0
15 27 1.0
