48
122
0 24 1.0
24 0 1.0
24 25 1.0
24 32 1.0
1 25 1.0
25 24 1.0
25 1 1.0
25 32 1.0
25 33 1.0
25 36 1.0
25 37 1.0
25 38 1.0
25 39 1.0
2 26 1.0
26 2 1.0
26 28 1.0
26 34 1.0
26 37 1.0
3 27 1.0
27 3 1.0
27 28 1.0
27 29 1.0
27 34 1.0
4 28 1.0
28 26 1.0
28 27 1.0
28 4 1.0
28 29 1.0
28 37 1.0
5 29 1.0
29 27 1.0
29 28 1.0
29 5 1.0
29 30 1.0
29 31 1.0
6 30 1.0
30 29 1.0
30 6 1.0
7 31 1.0
31 29 1.0
31 7 1.0
8 32 1.0
32 24 1.0
32 25 1.0
32 8 1.0
32 33 1.0
32 34 1.0
32 38 1.0
32 40 1.0
9 33 1.0
33 25 1.0
33 32 1.0
33 9 1.0
10 34 1.0
34 26 1.0
34 27 1.0
34 32 1.0
34 10 1.0
34 37 1.0
34 41 1.0
34 46 1.0
34 47 1.0
11 35 1.0
35 11 1.0
35 45 1.0
12 36 1.0
36 25 1.0
36 12 1.0
36 37 1.0
36 41 1.0
37 25 1.0
37 26 1.0
37 28 1.0
37 34 1.0
37 36 1.0
37 40 1.0
37 44 1.0
37 45 1.0
37 17 1.0
38 25 1.0
38 32 1.0
38 42 1.0
38 43 1.0
38 16 1.0
39 25 1.0
39 15 1.0
40 32 1.0
40 37 1.0
40 41 1.0
40 14 1.0
13 41 1.0
41 34 1.0
41 36 1.0
41 40 1.0
41 13 1.0
41 47 1.0
14 40 1.0
15 39 1.0
42 38 1.0
42 20 1.0
43 38 1.0
43 21 1.0
16 38 1.0
44 37 1.0
44 45 1.0
44 19 1.0
45 35 1.0
45 37 1.0
45 44 1.0
45 18 1.0
17 37 1.0
18 45 1.0
19 44 1.0
20 42 1.0
21 43 1.0
46 34 1.0
46 22 1.0
22 46 1.0
47 34 1.0
47 41 1.0
47 23 1.0
23 47 1.0
