36
84
0 18 1.0
18 0 1.0
18 26 1.0
18 29 1.0
1 19 1.0
19 1 1.0
19 20 1.0
19 28 1.0
2 20 1.0
20 19 1.0
20 2 1.0
20 21 1.0
20 26 1.0
3 21 1.0
21 20 1.0
21 3 1.0
21 22 1.0
4 22 1.0
22 21 1.0
22 4 1.0
22 25 1.0
5 23 1.0
23 5 1.0
23 24 1.0
23 27 1.0
23 28 1.0
6 24 1.0
24 23 1.0
24 6 1.0
24 25 1.0
24 26 1.0
24 30 1.0
7 25 1.0
25 22 1.0
25 24 1.0
25 7 1.0
8 26 1.0
26 18 1.0
26 20 1.0
26 24 1.0
26 8 1.0
26 27 1.0
9 27 1.0
27 23 1.0
27 26 1.0
27 9 1.0
27 31 1.0
28 19 1.0
28 23 1.0
28 33 1.0
28 34 1.0
28 14 1.0
29 18 1.0
29 32 1.0
29 34 1.0
29 11 1.0
30 24 1.0
30 31 1.0
30 15 1.0
31 27 1.0
31 30 1.0
31 33 1.0
31 16 1.0
32 29 1.0
32 33 1.0
32 10 1.0
33 28 1.0
33 31 1.0
33 32 1.0
33 17 1.0
10 32 1.0
34 28 1.0
34 29 1.0
34 12 1.0
34 35 1.0
11 29 1.0
12 34 1.0
35 34 1.0
35 13 1.0
13 35 1.0
14 28 1.0
15 30 1.0
16 31 1.0
17 33 1.0
