74
204
0 37 1.0
37 0 1.0
37 44 1.0
37 52 1.0
1 38 1.0
38 1 1.0
38 44 1.0
38 51 1.0
38 52 1.0
38 53 1.0
2 39 1.0
39 2 1.0
39 57 1.0
39 68 1.0
3 40 1.0
40 3 1.0
40 44 1.0
40 52 1.0
4 41 1.0
41 4 1.0
41 44 1.0
41 52 1.0
5 42 1.0
42 5 1.0
42 44 1.0
42 52 1.0
6 43 1.0
43 6 1.0
43 44 1.0
43 52 1.0
7 44 1.0
44 37 1.0
44 38 1.0
44 40 1.0
44 41 1.0
44 42 1.0
44 43 1.0
44 7 1.0
44 45 1.0
44 46 1.0
44 47 1.0
44 50 1.0
44 52 1.0
44 53 1.0
44 54 1.0
44 55 1.0
44 57 1.0
8 45 1.0
45 44 1.0
45 8 1.0
45 52 1.0
45 53 1.0
45 56 1.0
9 46 1.0
46 44 1.0
46 9 1.0
10 47 1.0
47 44 1.0
47 10 1.0
47 52 1.0
11 48 1.0
48 11 1.0
48 57 1.0
48 65 1.0
48 68 1.0
48 69 1.0
12 49 1.0
49 12 1.0
49 50 1.0
49 53 1.0
13 50 1.0
50 44 1.0
50 49 1.0
50 13 1.0
50 52 1.0
50 53 1.0
50 58 1.0
50 59 1.0
50 61 1.0
50 64 1.0
51 38 1.0
51 52 1.0
51 31 1.0
52 37 1.0
52 38 1.0
52 40 1.0
52 41 1.0
52 42 1.0
52 43 1.0
52 44 1.0
52 45 1.0
52 47 1.0
52 50 1.0
52 51 1.0
52 53 1.0
52 54 1.0
52 55 1.0
52 63 1.0
52 68 1.0
52 70 1.0
52 71 1.0
52 32 1.0
53 38 1.0
53 44 1.0
53 45 1.0
53 49 1.0
53 50 1.0
53 52 1.0
53 57 1.0
53 58 1.0
53 59 1.0
53 60 1.0
53 61 1.0
53 62 1.0
53 18 1.0
14 54 1.0
54 44 1.0
54 52 1.0
54 14 1.0
15 55 1.0
55 44 1.0
55 52 1.0
55 15 1.0
56 45 1.0
56 22 1.0
57 39 1.0
57 44 1.0
57 48 1.0
57 53 1.0
57 65 1.0
57 68 1.0
57 69 1.0
57 72 1.0
57 36 1.0
58 50 1.0
58 53 1.0
58 16 1.0
16 58 1.0
17 59 1.0
59 50 1.0
59 53 1.0
59 17 1.0
59 73 1.0
60 53 1.0
60 23 1.0
61 50 1.0
61 53 1.0
61 34 1.0
62 53 1.0
62 24 1.0
18 53 1.0
19 63 1.0
63 52 1.0
63 19 1.0
63 64 1.0
64 50 1.0
64 63 1.0
64 30 1.0
65 48 1.0
65 57 1.0
65 66 1.0
65 20 1.0
65 67 1.0
65 68 1.0
66 65 1.0
66 29 1.0
20 65 1.0
67 65 1.0
67 28 1.0
68 39 1.0
68 48 1.0
68 52 1.0
68 57 1.0
68 65 1.0
68 69 1.0
68 33 1.0
69 48 1.0
69 57 1.0
69 68 1.0
69 21 1.0
21 69 1.0
22 56 1.0
23 60 1.0
24 62 1.0
70 52 1.0
70 25 1.0
25 70 1.0
71 52 1.0
71 26 1.0
26 71 1.0
72 57 1.0
72 27 1.0
27 72 1.0
28 67 1.0
29 66 1.0
30 64 1.0
31 51 1.0
32 52 1.0
33 68 1.0
34 61 1.0
73 59 1.0
73 35 1.0
35 73 1.0
36 57 1.0
