62
132
0 31 1.0
31 0 1.0
31 45 1.0
1 32 1.0
32 1 1.0
32 45 1.0
2 33 1.0
33 2 1.0
33 47 1.0
33 50 1.0
33 51 1.0
33 53 1.0
3 34 1.0
34 3 1.0
34 48 1.0
4 35 1.0
35 4 1.0
35 48 1.0
5 36 1.0
36 5 1.0
36 48 1.0
6 37 1.0
37 6 1.0
37 48 1.0
7 38 1.0
38 7 1.0
38 49 1.0
8 39 1.0
39 8 1.0
39 46 1.0
9 40 1.0
40 9 1.0
40 46 1.0
10 41 1.0
41 10 1.0
41 46 1.0
11 42 1.0
42 11 1.0
42 49 1.0
12 43 1.0
43 12 1.0
43 48 1.0
13 44 1.0
44 13 1.0
44 47 1.0
44 59 1.0
45 31 1.0
45 32 1.0
45 47 1.0
45 53 1.0
45 27 1.0
14 46 1.0
46 39 1.0
46 40 1.0
46 41 1.0
46 14 1.0
46 47 1.0
46 49 1.0
15 47 1.0
47 33 1.0
47 44 1.0
47 45 1.0
47 46 1.0
47 15 1.0
47 48 1.0
47 54 1.0
47 55 1.0
47 56 1.0
47 57 1.0
47 60 1.0
47 61 1.0
48 34 1.0
48 35 1.0
48 36 1.0
48 37 1.0
48 43 1.0
48 47 1.0
48 49 1.0
48 53 1.0
48 28 1.0
49 38 1.0
49 42 1.0
49 46 1.0
49 48 1.0
49 53 1.0
49 30 1.0
16 50 1.0
50 33 1.0
50 16 1.0
51 33 1.0
51 17 1.0
17 51 1.0
52 18 1.0
52 53 1.0
18 52 1.0
53 33 1.0
53 45 1.0
53 48 1.0
53 49 1.0
53 52 1.0
53 56 1.0
53 58 1.0
53 29 1.0
54 47 1.0
54 19 1.0
19 54 1.0
55 47 1.0
55 20 1.0
20 55 1.0
56 47 1.0
56 53 1.0
56 21 1.0
21 56 1.0
57 47 1.0
57 22 1.0
22 57 1.0
58 53 1.0
58 23 1.0
23 58 1.0
59 44 1.0
59 24 1.0
24 59 1.0
60 47 1.0
60 25 1.0
25 60 1.0
61 47 1.0
61 26 1.0
26 61 1.0
27 45 1.0
28 48 1.0
29 53 1.0
30 49 1.0
