28
58
0 14 1.0
14 0 1.0
14 18 1.0
1 15 1.0
15 1 1.0
15 17 1.0
15 18 1.0
2 16 1.0
16 2 1.0
16 17 1.0
3 17 1.0
17 15 1.0
17 16 1.0
17 3 1.0
17 20 1.0
17 21 1.0
17 22 1.0
17 23 1.0
17 24 1.0
4 18 1.0
18 14 1.0
18 15 1.0
18 4 1.0
18 19 1.0
18 21 1.0
18 24 1.0
18 25 1.0
18 26 1.0
18 27 1.0
5 19 1.0
19 18 1.0
19 5 1.0
6 20 1.0
20 17 1.0
20 6 1.0
7 21 1.0
21 17 1.0
21 18 1.0
21 7 1.0
8 22 1.0
22 17 1.0
22 8 1.0
9 23 1.0
23 17 1.0
23 9 1.0
24 17 1.0
24 18 1.0
24 10 1.0
25 18 1.0
25 11 1.0
26 18 1.0
26 13 1.0
27 18 1.0
27 12 1.0
10 24 1.0
11 25 1.0
12 27 1.0
13 26 1.0
