220
514
110 0 1.0
110 111 1.0
110 112 1.0
0 110 1.0
111 110 1.0
111 176 1.0
111 33 1.0
112 110 1.0
112 143 1.0
112 197 1.0
112 93 1.0
113 114 1.0
113 1 1.0
113 115 1.0
113 116 1.0
113 117 1.0
114 113 1.0
114 119 1.0
114 202 1.0
114 57 1.0
114 203 1.0
1 113 1.0
115 113 1.0
115 116 1.0
115 121 1.0
115 43 1.0
116 113 1.0
116 115 1.0
116 72 1.0
116 215 1.0
117 113 1.0
117 148 1.0
117 56 1.0
117 201 1.0
2 118 1.0
118 2 1.0
118 196 1.0
118 208 1.0
3 119 1.0
119 114 1.0
119 3 1.0
119 120 1.0
119 181 1.0
4 120 1.0
120 119 1.0
120 4 1.0
120 165 1.0
120 180 1.0
5 121 1.0
121 115 1.0
121 5 1.0
121 125 1.0
121 194 1.0
121 195 1.0
6 122 1.0
122 6 1.0
122 143 1.0
122 154 1.0
122 177 1.0
122 178 1.0
7 123 1.0
123 7 1.0
123 161 1.0
123 163 1.0
123 182 1.0
123 187 1.0
123 188 1.0
123 189 1.0
124 125 1.0
124 126 1.0
124 8 1.0
125 121 1.0
125 124 1.0
125 189 1.0
125 201 1.0
125 99 1.0
126 124 1.0
126 11 1.0
126 129 1.0
8 124 1.0
9 127 1.0
127 9 1.0
127 128 1.0
127 184 1.0
127 185 1.0
127 186 1.0
10 128 1.0
128 127 1.0
128 10 1.0
128 182 1.0
128 183 1.0
128 184 1.0
128 185 1.0
11 126 1.0
129 126 1.0
129 130 1.0
129 13 1.0
129 142 1.0
12 130 1.0
130 129 1.0
130 12 1.0
130 142 1.0
130 173 1.0
130 190 1.0
13 129 1.0
131 132 1.0
131 133 1.0
131 134 1.0
131 14 1.0
131 135 1.0
131 136 1.0
132 131 1.0
132 70 1.0
133 131 1.0
133 139 1.0
133 67 1.0
134 131 1.0
134 137 1.0
134 138 1.0
134 15 1.0
14 131 1.0
135 131 1.0
135 71 1.0
136 131 1.0
136 149 1.0
136 151 1.0
136 21 1.0
136 153 1.0
137 134 1.0
137 198 1.0
137 54 1.0
138 134 1.0
138 150 1.0
138 179 1.0
138 196 1.0
138 202 1.0
138 63 1.0
15 134 1.0
139 133 1.0
139 140 1.0
139 141 1.0
139 16 1.0
140 139 1.0
140 172 1.0
140 173 1.0
140 75 1.0
141 139 1.0
141 17 1.0
141 142 1.0
16 139 1.0
17 141 1.0
142 129 1.0
142 130 1.0
142 141 1.0
142 146 1.0
142 92 1.0
143 112 1.0
143 122 1.0
143 144 1.0
143 145 1.0
143 18 1.0
144 143 1.0
144 22 1.0
144 154 1.0
145 143 1.0
145 197 1.0
145 218 1.0
145 96 1.0
18 143 1.0
146 142 1.0
146 19 1.0
146 147 1.0
146 148 1.0
19 146 1.0
147 146 1.0
147 219 1.0
147 108 1.0
148 117 1.0
148 146 1.0
148 202 1.0
148 203 1.0
148 59 1.0
149 136 1.0
149 150 1.0
149 151 1.0
149 20 1.0
149 152 1.0
150 138 1.0
150 149 1.0
150 88 1.0
151 136 1.0
151 149 1.0
151 66 1.0
20 149 1.0
152 149 1.0
152 199 1.0
152 87 1.0
21 136 1.0
153 136 1.0
153 216 1.0
153 74 1.0
22 144 1.0
154 122 1.0
154 144 1.0
154 39 1.0
155 156 1.0
155 157 1.0
155 23 1.0
156 155 1.0
156 191 1.0
156 204 1.0
156 95 1.0
157 155 1.0
157 168 1.0
157 29 1.0
23 155 1.0
158 24 1.0
158 159 1.0
24 158 1.0
159 158 1.0
159 200 1.0
159 216 1.0
159 101 1.0
160 25 1.0
160 161 1.0
160 162 1.0
160 163 1.0
25 160 1.0
161 123 1.0
161 160 1.0
161 36 1.0
162 160 1.0
162 189 1.0
162 45 1.0
163 123 1.0
163 160 1.0
163 184 1.0
163 35 1.0
163 187 1.0
164 165 1.0
164 166 1.0
164 26 1.0
165 120 1.0
165 164 1.0
165 176 1.0
165 94 1.0
166 164 1.0
166 167 1.0
166 191 1.0
166 58 1.0
26 164 1.0
167 166 1.0
167 27 1.0
167 168 1.0
27 167 1.0
168 157 1.0
168 167 1.0
168 28 1.0
168 169 1.0
28 168 1.0
169 168 1.0
169 180 1.0
169 181 1.0
169 196 1.0
169 60 1.0
29 157 1.0
170 30 1.0
170 171 1.0
30 170 1.0
171 170 1.0
171 175 1.0
171 212 1.0
171 217 1.0
171 98 1.0
172 140 1.0
172 173 1.0
172 31 1.0
172 174 1.0
172 175 1.0
173 130 1.0
173 140 1.0
173 172 1.0
173 76 1.0
31 172 1.0
174 172 1.0
174 211 1.0
174 68 1.0
175 171 1.0
175 172 1.0
175 192 1.0
175 83 1.0
176 111 1.0
176 165 1.0
176 32 1.0
32 176 1.0
33 111 1.0
177 122 1.0
177 178 1.0
177 65 1.0
178 122 1.0
178 177 1.0
178 64 1.0
34 179 1.0
179 138 1.0
179 34 1.0
179 202 1.0
180 120 1.0
180 169 1.0
180 106 1.0
181 119 1.0
181 169 1.0
181 181 1.0
181 50 1.0
182 123 1.0
182 128 1.0
182 80 1.0
183 128 1.0
183 188 1.0
183 79 1.0
184 127 1.0
184 128 1.0
184 163 1.0
184 37 1.0
185 127 1.0
185 128 1.0
185 192 1.0
185 48 1.0
186 127 1.0
186 41 1.0
35 163 1.0
187 123 1.0
187 163 1.0
187 46 1.0
188 123 1.0
188 183 1.0
188 47 1.0
189 123 1.0
189 125 1.0
189 162 1.0
189 195 1.0
189 100 1.0
190 130 1.0
190 192 1.0
190 49 1.0
36 161 1.0
37 184 1.0
38 191 1.0
191 156 1.0
191 166 1.0
191 38 1.0
39 154 1.0
40 192 1.0
192 175 1.0
192 185 1.0
192 190 1.0
192 40 1.0
192 214 1.0
41 186 1.0
42 193 1.0
193 42 1.0
193 194 1.0
193 213 1.0
43 115 1.0
44 194 1.0
194 121 1.0
194 193 1.0
194 44 1.0
45 162 1.0
195 121 1.0
195 189 1.0
195 53 1.0
46 187 1.0
47 188 1.0
48 185 1.0
49 190 1.0
50 181 1.0
196 118 1.0
196 138 1.0
196 169 1.0
196 51 1.0
51 196 1.0
197 112 1.0
197 145 1.0
197 52 1.0
52 197 1.0
53 195 1.0
198 137 1.0
198 102 1.0
198 219 1.0
54 137 1.0
199 152 1.0
199 55 1.0
199 200 1.0
55 199 1.0
200 159 1.0
200 199 1.0
200 86 1.0
56 117 1.0
201 117 1.0
201 125 1.0
201 78 1.0
202 114 1.0
202 138 1.0
202 148 1.0
202 179 1.0
202 109 1.0
57 114 1.0
203 114 1.0
203 148 1.0
203 105 1.0
58 166 1.0
59 148 1.0
60 169 1.0
204 156 1.0
204 205 1.0
204 206 1.0
204 207 1.0
204 208 1.0
204 209 1.0
204 61 1.0
205 204 1.0
205 205 1.0
205 210 1.0
205 62 1.0
206 204 1.0
206 107 1.0
207 204 1.0
207 209 1.0
207 81 1.0
208 118 1.0
208 204 1.0
208 210 1.0
208 97 1.0
209 204 1.0
209 207 1.0
209 82 1.0
61 204 1.0
210 205 1.0
210 208 1.0
210 104 1.0
62 205 1.0
63 138 1.0
64 178 1.0
65 177 1.0
66 151 1.0
67 133 1.0
211 174 1.0
211 69 1.0
211 212 1.0
68 174 1.0
69 211 1.0
212 171 1.0
212 211 1.0
212 84 1.0
70 132 1.0
71 135 1.0
213 193 1.0
213 77 1.0
213 218 1.0
214 192 1.0
214 90 1.0
72 116 1.0
73 215 1.0
215 116 1.0
215 73 1.0
215 218 1.0
216 153 1.0
216 159 1.0
216 85 1.0
74 153 1.0
75 140 1.0
76 173 1.0
77 213 1.0
78 201 1.0
79 183 1.0
80 182 1.0
81 207 1.0
82 209 1.0
83 175 1.0
84 212 1.0
85 216 1.0
86 200 1.0
87 152 1.0
88 150 1.0
217 171 1.0
217 89 1.0
89 217 1.0
90 214 1.0
218 145 1.0
218 213 1.0
218 215 1.0
218 91 1.0
91 218 1.0
92 142 1.0
93 112 1.0
94 165 1.0
95 156 1.0
96 145 1.0
97 208 1.0
98 171 1.0
99 125 1.0
100 189 1.0
101 159 1.0
102 198 1.0
103 219 1.0
219 147 1.0
219 198 1.0
219 103 1.0
104 210 1.0
105 203 1.0
106 180 1.0
107 206 1.0
108 147 1.0
109 202 1.0
