54
126
0 27 1.0
27 0 1.0
27 28 1.0
27 37 1.0
27 41 1.0
27 42 1.0
27 43 1.0
1 28 1.0
28 27 1.0
28 1 1.0
2 29 1.0
29 2 1.0
29 31 1.0
29 41 1.0
29 49 1.0
29 52 1.0
3 30 1.0
30 3 1.0
30 31 1.0
30 44 1.0
4 31 1.0
31 29 1.0
31 30 1.0
31 4 1.0
31 32 1.0
31 44 1.0
31 45 1.0
5 32 1.0
32 31 1.0
32 5 1.0
32 46 1.0
32 47 1.0
6 33 1.0
33 6 1.0
33 35 1.0
33 46 1.0
7 34 1.0
34 7 1.0
34 35 1.0
34 36 1.0
34 38 1.0
8 35 1.0
35 33 1.0
35 34 1.0
35 8 1.0
35 36 1.0
9 36 1.0
36 34 1.0
36 35 1.0
36 9 1.0
36 37 1.0
10 37 1.0
37 27 1.0
37 36 1.0
37 10 1.0
11 38 1.0
38 34 1.0
38 11 1.0
38 39 1.0
38 40 1.0
38 42 1.0
38 53 1.0
12 39 1.0
39 38 1.0
39 12 1.0
39 40 1.0
13 40 1.0
40 38 1.0
40 39 1.0
40 13 1.0
40 46 1.0
41 27 1.0
41 29 1.0
41 51 1.0
41 52 1.0
41 25 1.0
41 53 1.0
42 27 1.0
42 38 1.0
42 17 1.0
43 27 1.0
43 24 1.0
44 30 1.0
44 31 1.0
44 16 1.0
45 31 1.0
45 47 1.0
45 23 1.0
46 32 1.0
46 33 1.0
46 40 1.0
46 14 1.0
46 48 1.0
47 32 1.0
47 45 1.0
47 22 1.0
14 46 1.0
48 46 1.0
48 49 1.0
48 15 1.0
49 29 1.0
49 48 1.0
49 21 1.0
15 48 1.0
16 44 1.0
17 42 1.0
50 18 1.0
50 51 1.0
18 50 1.0
51 41 1.0
51 50 1.0
51 20 1.0
52 29 1.0
52 41 1.0
52 19 1.0
19 52 1.0
20 51 1.0
21 49 1.0
22 47 1.0
23 45 1.0
24 43 1.0
25 41 1.0
53 38 1.0
53 41 1.0
53 26 1.0
26 53 1.0
