146
336
73 74 1.0
73 75 1.0
73 0 1.0
74 73 1.0
74 79 1.0
74 127 1.0
74 53 1.0
75 73 1.0
75 139 1.0
75 140 1.0
75 52 1.0
0 73 1.0
76 77 1.0
76 78 1.0
76 79 1.0
76 1 1.0
77 76 1.0
77 141 1.0
77 60 1.0
78 76 1.0
78 84 1.0
78 88 1.0
78 9 1.0
78 90 1.0
79 74 1.0
79 76 1.0
79 86 1.0
79 87 1.0
79 90 1.0
79 54 1.0
1 76 1.0
2 80 1.0
80 2 1.0
80 91 1.0
80 105 1.0
3 81 1.0
81 3 1.0
81 112 1.0
81 113 1.0
81 114 1.0
4 82 1.0
82 4 1.0
82 83 1.0
82 84 1.0
82 85 1.0
82 92 1.0
82 106 1.0
82 110 1.0
82 111 1.0
5 83 1.0
83 82 1.0
83 5 1.0
83 106 1.0
83 114 1.0
6 84 1.0
84 78 1.0
84 82 1.0
84 6 1.0
84 108 1.0
7 85 1.0
85 82 1.0
85 7 1.0
86 79 1.0
86 87 1.0
86 88 1.0
86 8 1.0
87 79 1.0
87 86 1.0
87 97 1.0
87 98 1.0
87 44 1.0
88 78 1.0
88 86 1.0
88 117 1.0
88 25 1.0
8 86 1.0
9 78 1.0
10 89 1.0
89 10 1.0
89 115 1.0
89 116 1.0
90 78 1.0
90 79 1.0
90 11 1.0
11 90 1.0
12 91 1.0
91 80 1.0
91 12 1.0
91 96 1.0
13 92 1.0
92 82 1.0
92 13 1.0
92 109 1.0
93 14 1.0
93 94 1.0
93 95 1.0
14 93 1.0
94 93 1.0
94 96 1.0
94 15 1.0
95 93 1.0
95 103 1.0
95 23 1.0
96 91 1.0
96 94 1.0
96 21 1.0
15 94 1.0
97 87 1.0
97 98 1.0
97 99 1.0
97 100 1.0
97 16 1.0
97 101 1.0
98 87 1.0
98 97 1.0
98 43 1.0
99 97 1.0
99 18 1.0
99 102 1.0
99 103 1.0
99 104 1.0
99 105 1.0
100 97 1.0
100 17 1.0
16 97 1.0
101 97 1.0
101 131 1.0
101 69 1.0
17 100 1.0
18 99 1.0
102 99 1.0
102 105 1.0
102 40 1.0
103 95 1.0
103 99 1.0
103 22 1.0
104 99 1.0
104 19 1.0
105 80 1.0
105 99 1.0
105 102 1.0
105 130 1.0
105 39 1.0
105 131 1.0
19 104 1.0
106 82 1.0
106 83 1.0
106 20 1.0
106 107 1.0
20 106 1.0
107 106 1.0
107 113 1.0
107 63 1.0
21 96 1.0
22 103 1.0
23 95 1.0
108 84 1.0
108 117 1.0
108 130 1.0
108 46 1.0
24 109 1.0
109 92 1.0
109 24 1.0
109 120 1.0
109 130 1.0
109 144 1.0
109 145 1.0
110 82 1.0
110 111 1.0
110 48 1.0
111 82 1.0
111 110 1.0
111 113 1.0
111 133 1.0
111 47 1.0
111 136 1.0
112 81 1.0
112 42 1.0
112 135 1.0
113 81 1.0
113 107 1.0
113 111 1.0
113 135 1.0
113 58 1.0
114 81 1.0
114 83 1.0
114 29 1.0
115 89 1.0
115 134 1.0
115 55 1.0
116 89 1.0
116 136 1.0
116 66 1.0
117 88 1.0
117 108 1.0
117 45 1.0
25 88 1.0
26 118 1.0
118 26 1.0
118 138 1.0
27 119 1.0
119 27 1.0
119 125 1.0
119 128 1.0
119 137 1.0
28 120 1.0
120 109 1.0
120 28 1.0
120 142 1.0
29 114 1.0
30 121 1.0
121 30 1.0
121 124 1.0
121 129 1.0
31 122 1.0
122 31 1.0
122 140 1.0
122 141 1.0
32 123 1.0
123 32 1.0
123 126 1.0
33 124 1.0
124 121 1.0
124 33 1.0
124 139 1.0
34 125 1.0
125 119 1.0
125 34 1.0
125 126 1.0
35 126 1.0
126 123 1.0
126 125 1.0
126 35 1.0
126 139 1.0
127 74 1.0
127 36 1.0
127 128 1.0
127 129 1.0
36 127 1.0
128 119 1.0
128 127 1.0
128 37 1.0
129 121 1.0
129 127 1.0
129 38 1.0
37 128 1.0
38 129 1.0
130 105 1.0
130 108 1.0
130 109 1.0
130 131 1.0
130 67 1.0
130 145 1.0
39 105 1.0
131 101 1.0
131 105 1.0
131 130 1.0
131 145 1.0
131 70 1.0
40 102 1.0
132 133 1.0
132 41 1.0
132 134 1.0
133 111 1.0
133 132 1.0
133 64 1.0
41 132 1.0
134 115 1.0
134 132 1.0
134 56 1.0
42 112 1.0
135 112 1.0
135 113 1.0
135 59 1.0
43 98 1.0
44 87 1.0
45 117 1.0
46 108 1.0
47 111 1.0
136 111 1.0
136 116 1.0
136 72 1.0
48 110 1.0
137 119 1.0
137 62 1.0
138 118 1.0
138 142 1.0
138 144 1.0
138 65 1.0
139 75 1.0
139 124 1.0
139 126 1.0
139 51 1.0
140 75 1.0
140 122 1.0
140 61 1.0
141 77 1.0
141 122 1.0
141 57 1.0
142 120 1.0
142 138 1.0
142 143 1.0
142 68 1.0
49 143 1.0
143 142 1.0
143 49 1.0
50 144 1.0
144 109 1.0
144 138 1.0
144 50 1.0
51 139 1.0
52 75 1.0
53 74 1.0
54 79 1.0
55 115 1.0
56 134 1.0
57 141 1.0
58 113 1.0
59 135 1.0
60 77 1.0
61 140 1.0
62 137 1.0
63 107 1.0
64 133 1.0
65 138 1.0
66 116 1.0
67 130 1.0
145 109 1.0
145 130 1.0
145 131 1.0
145 71 1.0
68 142 1.0
69 101 1.0
70 131 1.0
71 145 1.0
72 136 1.0
