78
180
0 39 1.0
39 0 1.0
39 49 1.0
39 53 1.0
39 54 1.0
1 40 1.0
40 1 1.0
40 48 1.0
40 53 1.0
2 41 1.0
41 2 1.0
41 76 1.0
41 77 1.0
3 42 1.0
42 3 1.0
42 55 1.0
42 57 1.0
42 58 1.0
4 43 1.0
43 4 1.0
43 45 1.0
5 44 1.0
44 5 1.0
44 45 1.0
44 59 1.0
6 45 1.0
45 43 1.0
45 44 1.0
45 6 1.0
45 46 1.0
7 46 1.0
46 45 1.0
46 7 1.0
46 49 1.0
46 59 1.0
8 47 1.0
47 8 1.0
47 48 1.0
47 53 1.0
9 48 1.0
48 40 1.0
48 47 1.0
48 9 1.0
48 59 1.0
48 60 1.0
10 49 1.0
49 39 1.0
49 46 1.0
49 10 1.0
11 50 1.0
50 11 1.0
50 71 1.0
50 74 1.0
12 51 1.0
51 12 1.0
51 71 1.0
51 73 1.0
13 52 1.0
52 13 1.0
52 56 1.0
52 64 1.0
52 71 1.0
53 39 1.0
53 40 1.0
53 47 1.0
53 54 1.0
53 29 1.0
54 39 1.0
54 53 1.0
54 74 1.0
54 38 1.0
14 55 1.0
55 42 1.0
55 14 1.0
55 57 1.0
55 58 1.0
15 56 1.0
56 52 1.0
56 15 1.0
56 72 1.0
56 77 1.0
57 42 1.0
57 55 1.0
57 66 1.0
57 67 1.0
57 23 1.0
58 42 1.0
58 55 1.0
58 34 1.0
59 44 1.0
59 46 1.0
59 48 1.0
59 60 1.0
59 61 1.0
59 63 1.0
59 24 1.0
60 48 1.0
60 59 1.0
60 63 1.0
60 68 1.0
60 30 1.0
61 59 1.0
61 62 1.0
61 63 1.0
61 16 1.0
62 61 1.0
62 66 1.0
62 36 1.0
63 59 1.0
63 60 1.0
63 61 1.0
63 18 1.0
16 61 1.0
17 64 1.0
64 52 1.0
64 17 1.0
64 69 1.0
18 63 1.0
19 65 1.0
65 19 1.0
65 68 1.0
66 57 1.0
66 62 1.0
66 67 1.0
66 20 1.0
67 57 1.0
67 66 1.0
67 75 1.0
67 31 1.0
20 66 1.0
68 60 1.0
68 65 1.0
68 32 1.0
69 64 1.0
69 21 1.0
69 70 1.0
21 69 1.0
70 69 1.0
70 73 1.0
70 26 1.0
71 50 1.0
71 51 1.0
71 52 1.0
71 22 1.0
71 72 1.0
22 71 1.0
72 56 1.0
72 71 1.0
72 27 1.0
72 74 1.0
23 57 1.0
24 59 1.0
73 51 1.0
73 70 1.0
73 25 1.0
25 73 1.0
26 70 1.0
27 72 1.0
74 50 1.0
74 54 1.0
74 72 1.0
74 28 1.0
28 74 1.0
29 53 1.0
30 60 1.0
75 67 1.0
75 33 1.0
31 67 1.0
32 68 1.0
33 75 1.0
34 58 1.0
35 76 1.0
76 41 1.0
76 35 1.0
36 62 1.0
77 41 1.0
77 56 1.0
77 37 1.0
37 77 1.0
38 54 1.0
