250
542
125 126 1.0
125 127 1.0
125 0 1.0
126 125 1.0
126 204 1.0
126 88 1.0
127 125 1.0
127 242 1.0
127 123 1.0
0 125 1.0
128 1 1.0
128 129 1.0
1 128 1.0
129 128 1.0
129 136 1.0
129 140 1.0
129 236 1.0
129 91 1.0
129 237 1.0
2 130 1.0
130 2 1.0
130 204 1.0
130 244 1.0
3 131 1.0
131 3 1.0
131 132 1.0
131 142 1.0
4 132 1.0
132 131 1.0
132 4 1.0
132 184 1.0
5 133 1.0
133 5 1.0
133 148 1.0
133 184 1.0
6 134 1.0
134 6 1.0
134 135 1.0
134 138 1.0
134 182 1.0
7 135 1.0
135 134 1.0
135 7 1.0
135 189 1.0
136 129 1.0
136 137 1.0
136 8 1.0
137 136 1.0
137 173 1.0
137 181 1.0
137 38 1.0
8 136 1.0
9 138 1.0
138 134 1.0
138 9 1.0
138 187 1.0
10 139 1.0
139 10 1.0
139 185 1.0
139 186 1.0
140 129 1.0
140 11 1.0
11 140 1.0
12 141 1.0
141 12 1.0
141 142 1.0
141 154 1.0
13 142 1.0
142 131 1.0
142 141 1.0
142 13 1.0
142 152 1.0
142 190 1.0
143 14 1.0
143 144 1.0
143 145 1.0
14 143 1.0
144 143 1.0
144 15 1.0
144 146 1.0
145 143 1.0
145 162 1.0
145 85 1.0
15 144 1.0
146 144 1.0
146 16 1.0
146 147 1.0
16 146 1.0
147 146 1.0
147 56 1.0
147 234 1.0
148 133 1.0
148 17 1.0
148 149 1.0
148 150 1.0
17 148 1.0
149 148 1.0
149 215 1.0
149 222 1.0
149 122 1.0
150 148 1.0
150 215 1.0
150 222 1.0
150 121 1.0
151 152 1.0
151 18 1.0
152 142 1.0
152 151 1.0
152 25 1.0
152 184 1.0
18 151 1.0
153 154 1.0
153 19 1.0
153 155 1.0
154 141 1.0
154 153 1.0
154 30 1.0
154 171 1.0
19 153 1.0
155 153 1.0
155 20 1.0
155 156 1.0
20 155 1.0
156 155 1.0
156 157 1.0
156 195 1.0
156 220 1.0
156 70 1.0
157 156 1.0
157 21 1.0
21 157 1.0
158 22 1.0
158 159 1.0
158 160 1.0
158 161 1.0
22 158 1.0
159 158 1.0
159 24 1.0
159 171 1.0
159 214 1.0
160 158 1.0
160 53 1.0
160 234 1.0
161 158 1.0
161 71 1.0
161 223 1.0
161 224 1.0
162 145 1.0
162 23 1.0
162 163 1.0
162 164 1.0
23 162 1.0
163 162 1.0
163 180 1.0
163 82 1.0
164 162 1.0
164 226 1.0
164 76 1.0
24 159 1.0
25 152 1.0
26 165 1.0
165 26 1.0
165 166 1.0
165 208 1.0
27 166 1.0
166 165 1.0
166 27 1.0
166 167 1.0
166 231 1.0
28 167 1.0
167 166 1.0
167 28 1.0
167 192 1.0
167 228 1.0
168 29 1.0
168 169 1.0
168 170 1.0
29 168 1.0
169 168 1.0
169 176 1.0
169 33 1.0
169 178 1.0
170 168 1.0
170 177 1.0
170 34 1.0
170 179 1.0
30 154 1.0
171 154 1.0
171 159 1.0
171 54 1.0
172 173 1.0
172 31 1.0
173 137 1.0
173 172 1.0
173 243 1.0
173 109 1.0
31 172 1.0
174 175 1.0
174 32 1.0
174 176 1.0
174 177 1.0
175 174 1.0
175 236 1.0
175 104 1.0
32 174 1.0
176 169 1.0
176 174 1.0
176 178 1.0
176 243 1.0
176 246 1.0
176 247 1.0
176 117 1.0
177 170 1.0
177 174 1.0
177 180 1.0
177 35 1.0
33 169 1.0
178 169 1.0
178 176 1.0
178 36 1.0
34 170 1.0
179 170 1.0
179 232 1.0
179 248 1.0
179 120 1.0
180 163 1.0
180 177 1.0
180 87 1.0
35 177 1.0
36 178 1.0
181 137 1.0
181 37 1.0
37 181 1.0
38 137 1.0
182 134 1.0
182 47 1.0
182 204 1.0
39 183 1.0
183 39 1.0
183 188 1.0
183 244 1.0
184 132 1.0
184 133 1.0
184 152 1.0
184 81 1.0
185 139 1.0
185 225 1.0
185 106 1.0
186 139 1.0
186 189 1.0
186 110 1.0
187 138 1.0
187 188 1.0
187 40 1.0
188 183 1.0
188 187 1.0
188 108 1.0
40 187 1.0
189 135 1.0
189 186 1.0
189 107 1.0
190 142 1.0
190 217 1.0
190 62 1.0
41 191 1.0
191 41 1.0
191 192 1.0
191 197 1.0
42 192 1.0
192 167 1.0
192 191 1.0
192 42 1.0
43 193 1.0
193 43 1.0
193 194 1.0
193 211 1.0
193 212 1.0
44 194 1.0
194 193 1.0
194 44 1.0
194 196 1.0
194 198 1.0
45 195 1.0
195 156 1.0
195 45 1.0
195 212 1.0
195 214 1.0
46 196 1.0
196 194 1.0
196 46 1.0
196 203 1.0
196 209 1.0
196 213 1.0
47 182 1.0
48 197 1.0
197 191 1.0
197 48 1.0
197 199 1.0
197 200 1.0
197 207 1.0
49 198 1.0
198 194 1.0
198 49 1.0
198 209 1.0
198 210 1.0
50 199 1.0
199 197 1.0
199 50 1.0
199 208 1.0
51 200 1.0
200 197 1.0
200 51 1.0
200 219 1.0
52 201 1.0
201 52 1.0
201 205 1.0
201 221 1.0
53 160 1.0
54 171 1.0
55 202 1.0
202 55 1.0
202 206 1.0
202 231 1.0
56 147 1.0
57 203 1.0
203 196 1.0
203 57 1.0
203 204 1.0
58 204 1.0
204 126 1.0
204 130 1.0
204 182 1.0
204 203 1.0
204 58 1.0
59 205 1.0
205 201 1.0
205 59 1.0
205 212 1.0
205 233 1.0
60 206 1.0
206 202 1.0
206 60 1.0
206 232 1.0
207 197 1.0
207 212 1.0
207 66 1.0
208 165 1.0
208 199 1.0
208 230 1.0
208 103 1.0
209 196 1.0
209 198 1.0
209 79 1.0
210 198 1.0
210 219 1.0
210 92 1.0
211 193 1.0
211 227 1.0
211 78 1.0
212 193 1.0
212 195 1.0
212 205 1.0
212 207 1.0
212 218 1.0
212 68 1.0
213 196 1.0
213 227 1.0
213 80 1.0
214 159 1.0
214 195 1.0
214 65 1.0
215 149 1.0
215 150 1.0
215 216 1.0
215 61 1.0
216 215 1.0
216 238 1.0
216 96 1.0
61 215 1.0
217 190 1.0
217 222 1.0
217 69 1.0
62 190 1.0
218 212 1.0
218 63 1.0
63 218 1.0
219 200 1.0
219 210 1.0
219 64 1.0
64 219 1.0
65 214 1.0
66 207 1.0
220 156 1.0
220 67 1.0
220 221 1.0
67 220 1.0
221 201 1.0
221 220 1.0
221 235 1.0
221 89 1.0
68 212 1.0
222 149 1.0
222 150 1.0
222 217 1.0
222 94 1.0
69 217 1.0
70 156 1.0
71 161 1.0
223 161 1.0
223 74 1.0
224 161 1.0
224 225 1.0
224 73 1.0
225 185 1.0
225 224 1.0
225 72 1.0
225 226 1.0
72 225 1.0
226 164 1.0
226 225 1.0
226 75 1.0
73 224 1.0
74 223 1.0
75 226 1.0
76 164 1.0
227 211 1.0
227 213 1.0
227 77 1.0
77 227 1.0
78 211 1.0
79 209 1.0
80 213 1.0
81 184 1.0
82 163 1.0
228 167 1.0
228 83 1.0
228 229 1.0
83 228 1.0
229 228 1.0
229 242 1.0
229 102 1.0
230 208 1.0
230 84 1.0
230 231 1.0
84 230 1.0
231 166 1.0
231 202 1.0
231 230 1.0
231 86 1.0
85 145 1.0
86 231 1.0
232 179 1.0
232 206 1.0
232 101 1.0
233 205 1.0
233 240 1.0
233 100 1.0
234 147 1.0
234 160 1.0
234 105 1.0
87 180 1.0
88 126 1.0
235 221 1.0
235 99 1.0
89 221 1.0
90 236 1.0
236 129 1.0
236 175 1.0
236 90 1.0
91 129 1.0
92 210 1.0
93 237 1.0
237 129 1.0
237 93 1.0
94 222 1.0
238 216 1.0
238 239 1.0
238 95 1.0
239 238 1.0
239 240 1.0
239 241 1.0
239 116 1.0
95 238 1.0
96 216 1.0
240 233 1.0
240 239 1.0
240 97 1.0
97 240 1.0
241 239 1.0
241 98 1.0
98 241 1.0
99 235 1.0
100 233 1.0
101 232 1.0
242 127 1.0
242 229 1.0
242 118 1.0
242 249 1.0
102 229 1.0
103 208 1.0
104 175 1.0
105 234 1.0
106 185 1.0
107 189 1.0
108 188 1.0
243 173 1.0
243 176 1.0
243 114 1.0
109 173 1.0
110 186 1.0
244 130 1.0
244 183 1.0
244 111 1.0
111 244 1.0
245 246 1.0
245 247 1.0
245 112 1.0
246 176 1.0
246 245 1.0
246 113 1.0
247 176 1.0
247 245 1.0
247 115 1.0
112 245 1.0
113 246 1.0
114 243 1.0
115 247 1.0
116 239 1.0
117 176 1.0
118 242 1.0
248 179 1.0
248 249 1.0
248 119 1.0
249 242 1.0
249 248 1.0
249 124 1.0
119 248 1.0
120 179 1.0
121 150 1.0
122 149 1.0
123 127 1.0
124 249 1.0
