102
230
51 52 1.0
51 53 1.0
51 54 1.0
51 55 1.0
51 56 1.0
51 0 1.0
51 57 1.0
52 51 1.0
52 92 1.0
52 28 1.0
53 51 1.0
53 60 1.0
53 31 1.0
54 51 1.0
54 76 1.0
54 83 1.0
54 96 1.0
54 41 1.0
55 51 1.0
55 85 1.0
55 35 1.0
56 51 1.0
56 74 1.0
56 30 1.0
0 51 1.0
57 51 1.0
57 84 1.0
57 38 1.0
58 59 1.0
58 60 1.0
58 1 1.0
59 58 1.0
59 67 1.0
59 11 1.0
60 53 1.0
60 58 1.0
60 67 1.0
60 82 1.0
60 32 1.0
1 58 1.0
2 61 1.0
61 2 1.0
61 80 1.0
61 88 1.0
3 62 1.0
62 3 1.0
62 63 1.0
62 72 1.0
62 76 1.0
4 63 1.0
63 62 1.0
63 4 1.0
63 64 1.0
5 64 1.0
64 63 1.0
64 5 1.0
64 65 1.0
64 79 1.0
6 65 1.0
65 64 1.0
65 6 1.0
65 66 1.0
7 66 1.0
66 65 1.0
66 7 1.0
66 71 1.0
67 59 1.0
67 60 1.0
67 8 1.0
67 68 1.0
8 67 1.0
68 67 1.0
68 27 1.0
9 69 1.0
69 9 1.0
69 73 1.0
69 74 1.0
10 70 1.0
70 10 1.0
70 77 1.0
11 59 1.0
12 71 1.0
71 66 1.0
71 12 1.0
71 72 1.0
13 72 1.0
72 62 1.0
72 71 1.0
72 13 1.0
72 77 1.0
73 69 1.0
73 14 1.0
73 74 1.0
14 73 1.0
74 56 1.0
74 69 1.0
74 73 1.0
74 78 1.0
74 29 1.0
15 75 1.0
75 15 1.0
75 87 1.0
75 94 1.0
76 54 1.0
76 62 1.0
76 91 1.0
76 95 1.0
76 42 1.0
77 70 1.0
77 72 1.0
77 33 1.0
77 95 1.0
78 74 1.0
78 16 1.0
16 78 1.0
79 64 1.0
79 91 1.0
79 37 1.0
80 61 1.0
80 81 1.0
80 17 1.0
81 80 1.0
81 18 1.0
81 82 1.0
17 80 1.0
18 81 1.0
82 60 1.0
82 81 1.0
82 93 1.0
82 26 1.0
82 94 1.0
83 54 1.0
83 19 1.0
83 84 1.0
83 85 1.0
83 86 1.0
19 83 1.0
84 57 1.0
84 83 1.0
84 92 1.0
84 93 1.0
84 24 1.0
85 55 1.0
85 83 1.0
85 36 1.0
86 83 1.0
86 94 1.0
86 46 1.0
86 101 1.0
87 75 1.0
87 88 1.0
87 20 1.0
88 61 1.0
88 87 1.0
88 21 1.0
20 87 1.0
21 88 1.0
89 90 1.0
89 22 1.0
89 91 1.0
90 89 1.0
90 100 1.0
90 48 1.0
22 89 1.0
91 76 1.0
91 79 1.0
91 89 1.0
91 97 1.0
91 43 1.0
92 52 1.0
92 84 1.0
92 23 1.0
23 92 1.0
93 82 1.0
93 84 1.0
93 25 1.0
24 84 1.0
25 93 1.0
26 82 1.0
94 75 1.0
94 82 1.0
94 86 1.0
94 96 1.0
94 99 1.0
94 45 1.0
27 68 1.0
28 52 1.0
29 74 1.0
30 56 1.0
31 53 1.0
32 60 1.0
33 77 1.0
95 76 1.0
95 77 1.0
95 34 1.0
34 95 1.0
35 55 1.0
36 85 1.0
37 79 1.0
38 57 1.0
96 54 1.0
96 94 1.0
96 39 1.0
39 96 1.0
97 91 1.0
97 40 1.0
97 98 1.0
40 97 1.0
98 97 1.0
98 99 1.0
98 50 1.0
41 54 1.0
42 76 1.0
43 91 1.0
44 99 1.0
99 94 1.0
99 98 1.0
99 44 1.0
99 101 1.0
45 94 1.0
46 86 1.0
47 100 1.0
100 90 1.0
100 47 1.0
48 90 1.0
49 101 1.0
101 86 1.0
101 99 1.0
101 49 1.0
50 98 1.0
