46
92
0 23 1.0
23 0 1.0
23 32 1.0
1 24 1.0
24 1 1.0
24 32 1.0
2 25 1.0
25 2 1.0
25 35 1.0
3 26 1.0
26 3 1.0
26 35 1.0
4 27 1.0
27 4 1.0
27 28 1.0
27 29 1.0
27 31 1.0
27 34 1.0
27 35 1.0
5 28 1.0
28 27 1.0
28 5 1.0
6 29 1.0
29 27 1.0
29 6 1.0
7 30 1.0
30 7 1.0
30 31 1.0
8 31 1.0
31 27 1.0
31 30 1.0
31 8 1.0
31 32 1.0
9 32 1.0
32 23 1.0
32 24 1.0
32 31 1.0
32 9 1.0
10 33 1.0
33 10 1.0
33 35 1.0
11 34 1.0
34 27 1.0
34 11 1.0
34 35 1.0
34 36 1.0
34 43 1.0
35 25 1.0
35 26 1.0
35 27 1.0
35 33 1.0
35 34 1.0
35 15 1.0
35 40 1.0
35 41 1.0
12 36 1.0
36 34 1.0
36 12 1.0
37 38 1.0
37 13 1.0
38 37 1.0
38 39 1.0
38 43 1.0
38 19 1.0
13 37 1.0
39 38 1.0
39 14 1.0
14 39 1.0
15 35 1.0
40 35 1.0
40 18 1.0
41 35 1.0
41 22 1.0
42 43 1.0
42 16 1.0
43 34 1.0
43 38 1.0
43 42 1.0
43 44 1.0
43 45 1.0
43 21 1.0
16 42 1.0
44 43 1.0
44 17 1.0
17 44 1.0
18 40 1.0
19 38 1.0
45 43 1.0
45 20 1.0
20 45 1.0
21 43 1.0
22 41 1.0
