36
70
0 18 1.0
18 0 1.0
18 28 1.0
1 19 1.0
19 1 1.0
19 20 1.0
2 20 1.0
20 19 1.0
20 2 1.0
20 22 1.0
20 27 1.0
3 21 1.0
21 3 1.0
21 23 1.0
4 22 1.0
22 20 1.0
22 4 1.0
22 23 1.0
5 23 1.0
23 21 1.0
23 22 1.0
23 5 1.0
23 24 1.0
6 24 1.0
24 23 1.0
24 6 1.0
24 28 1.0
7 25 1.0
25 7 1.0
25 28 1.0
8 26 1.0
26 8 1.0
26 28 1.0
9 27 1.0
27 20 1.0
27 9 1.0
28 18 1.0
28 24 1.0
28 25 1.0
28 26 1.0
28 30 1.0
28 31 1.0
28 11 1.0
28 32 1.0
28 33 1.0
29 10 1.0
29 30 1.0
10 29 1.0
30 28 1.0
30 29 1.0
30 16 1.0
30 35 1.0
31 28 1.0
31 14 1.0
11 28 1.0
32 28 1.0
32 15 1.0
33 28 1.0
33 12 1.0
33 34 1.0
12 33 1.0
34 33 1.0
34 13 1.0
13 34 1.0
14 31 1.0
15 32 1.0
16 30 1.0
35 30 1.0
35 17 1.0
17 35 1.0
