50
106
0 25 1.0
25 0 1.0
25 34 1.0
1 26 1.0
26 1 1.0
26 29 1.0
26 34 1.0
2 27 1.0
27 2 1.0
27 29 1.0
27 41 1.0
27 42 1.0
3 28 1.0
28 3 1.0
28 29 1.0
28 38 1.0
28 39 1.0
28 40 1.0
28 41 1.0
4 29 1.0
29 26 1.0
29 27 1.0
29 28 1.0
29 4 1.0
29 30 1.0
29 34 1.0
5 30 1.0
30 29 1.0
30 5 1.0
30 31 1.0
30 32 1.0
30 33 1.0
6 31 1.0
31 30 1.0
31 6 1.0
7 32 1.0
32 30 1.0
32 7 1.0
8 33 1.0
33 30 1.0
33 8 1.0
33 34 1.0
9 34 1.0
34 25 1.0
34 26 1.0
34 29 1.0
34 33 1.0
34 9 1.0
10 35 1.0
35 10 1.0
35 36 1.0
35 40 1.0
11 36 1.0
36 35 1.0
36 11 1.0
36 37 1.0
36 44 1.0
12 37 1.0
37 36 1.0
37 12 1.0
37 41 1.0
37 43 1.0
38 28 1.0
38 16 1.0
39 28 1.0
39 17 1.0
40 28 1.0
40 35 1.0
40 45 1.0
40 46 1.0
40 47 1.0
40 49 1.0
40 24 1.0
41 27 1.0
41 28 1.0
41 37 1.0
41 23 1.0
42 27 1.0
42 13 1.0
13 42 1.0
43 37 1.0
43 14 1.0
14 43 1.0
44 36 1.0
44 15 1.0
15 44 1.0
16 38 1.0
17 39 1.0
45 40 1.0
45 18 1.0
18 45 1.0
46 40 1.0
46 19 1.0
19 46 1.0
47 40 1.0
47 20 1.0
20 47 1.0
48 21 1.0
48 49 1.0
21 48 1.0
49 40 1.0
49 48 1.0
49 22 1.0
22 49 1.0
23 41 1.0
24 40 1.0
