1508
3298
754 0 1.0
754 755 1.0
754 756 1.0
0 754 1.0
755 754 1.0
755 628 1.0
755 1451 1.0
756 754 1.0
756 996 1.0
756 626 1.0
757 758 1.0
757 759 1.0
757 1 1.0
758 757 1.0
758 760 1.0
758 2 1.0
759 757 1.0
759 1229 1.0
759 1291 1.0
759 574 1.0
1 757 1.0
760 758 1.0
760 1054 1.0
760 234 1.0
2 758 1.0
761 762 1.0
761 3 1.0
761 763 1.0
761 764 1.0
762 761 1.0
762 1025 1.0
762 229 1.0
3 761 1.0
763 761 1.0
763 1172 1.0
763 299 1.0
764 761 1.0
764 1023 1.0
764 1025 1.0
764 175 1.0
765 766 1.0
765 4 1.0
766 765 1.0
766 767 1.0
766 768 1.0
766 769 1.0
766 5 1.0
766 770 1.0
766 771 1.0
4 765 1.0
767 766 1.0
767 768 1.0
767 772 1.0
767 6 1.0
768 766 1.0
768 767 1.0
768 902 1.0
768 86 1.0
769 766 1.0
769 886 1.0
769 888 1.0
769 80 1.0
5 766 1.0
770 766 1.0
770 25 1.0
770 1387 1.0
770 1470 1.0
770 1471 1.0
770 1491 1.0
771 766 1.0
771 687 1.0
771 1482 1.0
772 767 1.0
772 901 1.0
772 85 1.0
6 767 1.0
773 774 1.0
773 775 1.0
773 7 1.0
773 776 1.0
774 773 1.0
774 888 1.0
774 78 1.0
775 773 1.0
775 776 1.0
775 958 1.0
775 477 1.0
7 773 1.0
776 773 1.0
776 775 1.0
776 822 1.0
776 369 1.0
777 8 1.0
777 778 1.0
777 779 1.0
8 777 1.0
778 777 1.0
778 780 1.0
778 9 1.0
779 777 1.0
779 38 1.0
780 778 1.0
780 936 1.0
780 1179 1.0
780 612 1.0
9 778 1.0
10 781 1.0
781 10 1.0
781 1039 1.0
781 1245 1.0
11 782 1.0
782 11 1.0
782 873 1.0
782 1106 1.0
12 783 1.0
783 12 1.0
783 784 1.0
783 786 1.0
13 784 1.0
784 783 1.0
784 13 1.0
784 1153 1.0
784 1155 1.0
14 785 1.0
785 14 1.0
785 1155 1.0
785 1339 1.0
15 786 1.0
786 783 1.0
786 15 1.0
786 879 1.0
16 787 1.0
787 16 1.0
787 788 1.0
787 790 1.0
787 1206 1.0
17 788 1.0
788 787 1.0
788 17 1.0
788 1339 1.0
18 789 1.0
789 18 1.0
789 790 1.0
789 1338 1.0
19 790 1.0
790 787 1.0
790 789 1.0
790 19 1.0
20 791 1.0
791 20 1.0
791 792 1.0
791 796 1.0
21 792 1.0
792 791 1.0
792 21 1.0
792 1296 1.0
22 793 1.0
793 22 1.0
793 799 1.0
793 857 1.0
793 1039 1.0
793 1115 1.0
793 1120 1.0
793 1245 1.0
23 794 1.0
794 23 1.0
794 1289 1.0
794 1387 1.0
24 795 1.0
795 24 1.0
795 894 1.0
795 1387 1.0
795 1492 1.0
25 770 1.0
26 796 1.0
796 791 1.0
796 26 1.0
796 801 1.0
796 1299 1.0
27 797 1.0
797 27 1.0
797 800 1.0
797 1408 1.0
797 1409 1.0
28 798 1.0
798 28 1.0
798 830 1.0
798 907 1.0
29 799 1.0
799 793 1.0
799 29 1.0
799 1492 1.0
30 800 1.0
800 797 1.0
800 30 1.0
800 830 1.0
31 801 1.0
801 796 1.0
801 31 1.0
801 965 1.0
801 968 1.0
32 802 1.0
802 32 1.0
802 868 1.0
802 1216 1.0
33 803 1.0
803 33 1.0
803 1428 1.0
803 1453 1.0
804 805 1.0
804 806 1.0
804 34 1.0
804 807 1.0
804 808 1.0
805 804 1.0
805 817 1.0
805 495 1.0
806 804 1.0
806 267 1.0
806 1459 1.0
34 804 1.0
807 804 1.0
807 846 1.0
807 411 1.0
808 804 1.0
808 1034 1.0
808 412 1.0
35 809 1.0
809 35 1.0
809 1065 1.0
809 1074 1.0
809 1385 1.0
36 810 1.0
810 36 1.0
810 1032 1.0
810 1140 1.0
37 811 1.0
811 37 1.0
811 1095 1.0
811 1190 1.0
38 779 1.0
39 812 1.0
812 39 1.0
812 1132 1.0
812 1184 1.0
812 1186 1.0
40 813 1.0
813 40 1.0
813 1107 1.0
813 1427 1.0
41 814 1.0
814 41 1.0
814 863 1.0
814 864 1.0
814 1004 1.0
42 815 1.0
815 42 1.0
815 1030 1.0
815 1459 1.0
816 43 1.0
816 817 1.0
816 818 1.0
43 816 1.0
817 805 1.0
817 816 1.0
817 460 1.0
818 816 1.0
818 1026 1.0
818 1452 1.0
818 631 1.0
818 1453 1.0
44 819 1.0
819 44 1.0
819 908 1.0
819 1078 1.0
820 821 1.0
820 822 1.0
820 45 1.0
821 820 1.0
821 822 1.0
821 887 1.0
821 222 1.0
822 776 1.0
822 820 1.0
822 821 1.0
822 147 1.0
45 820 1.0
823 824 1.0
823 825 1.0
823 46 1.0
824 823 1.0
824 1317 1.0
824 662 1.0
825 823 1.0
825 1403 1.0
825 1468 1.0
825 664 1.0
46 823 1.0
826 827 1.0
826 828 1.0
826 47 1.0
827 826 1.0
827 829 1.0
827 835 1.0
827 50 1.0
828 826 1.0
828 839 1.0
828 52 1.0
47 826 1.0
829 827 1.0
829 830 1.0
829 48 1.0
830 798 1.0
830 800 1.0
830 829 1.0
830 845 1.0
830 605 1.0
830 1442 1.0
830 1467 1.0
48 829 1.0
831 832 1.0
831 833 1.0
831 834 1.0
831 49 1.0
832 831 1.0
832 579 1.0
832 1419 1.0
832 1420 1.0
833 831 1.0
833 848 1.0
833 363 1.0
833 1273 1.0
833 1419 1.0
833 1456 1.0
834 831 1.0
834 1456 1.0
834 691 1.0
49 831 1.0
835 827 1.0
835 946 1.0
835 1396 1.0
835 650 1.0
50 827 1.0
836 837 1.0
836 838 1.0
836 51 1.0
837 836 1.0
837 1398 1.0
837 614 1.0
838 836 1.0
838 925 1.0
838 927 1.0
838 929 1.0
838 930 1.0
838 1448 1.0
838 1449 1.0
838 665 1.0
51 836 1.0
839 828 1.0
839 844 1.0
839 1246 1.0
839 1322 1.0
839 596 1.0
839 1432 1.0
52 828 1.0
840 841 1.0
840 842 1.0
840 843 1.0
840 53 1.0
841 840 1.0
841 903 1.0
841 673 1.0
842 840 1.0
842 231 1.0
842 1450 1.0
843 840 1.0
843 1108 1.0
843 245 1.0
53 840 1.0
844 839 1.0
844 845 1.0
844 54 1.0
845 830 1.0
845 844 1.0
845 410 1.0
54 844 1.0
846 807 1.0
846 55 1.0
846 847 1.0
55 846 1.0
847 846 1.0
847 1437 1.0
847 604 1.0
848 833 1.0
848 849 1.0
848 56 1.0
849 848 1.0
849 1033 1.0
849 183 1.0
56 848 1.0
850 851 1.0
850 852 1.0
850 57 1.0
851 850 1.0
851 853 1.0
851 58 1.0
852 850 1.0
852 860 1.0
852 1347 1.0
852 1388 1.0
852 528 1.0
57 850 1.0
853 851 1.0
853 854 1.0
853 855 1.0
853 399 1.0
58 851 1.0
854 853 1.0
854 855 1.0
854 59 1.0
855 853 1.0
855 854 1.0
855 60 1.0
855 856 1.0
59 854 1.0
60 855 1.0
856 855 1.0
856 859 1.0
856 62 1.0
857 793 1.0
857 858 1.0
857 61 1.0
858 857 1.0
858 364 1.0
858 1248 1.0
61 857 1.0
859 856 1.0
859 860 1.0
859 861 1.0
859 63 1.0
62 856 1.0
860 852 1.0
860 859 1.0
860 64 1.0
861 859 1.0
861 1073 1.0
861 204 1.0
63 859 1.0
64 860 1.0
862 863 1.0
862 864 1.0
862 865 1.0
862 65 1.0
862 866 1.0
863 814 1.0
863 862 1.0
863 161 1.0
864 814 1.0
864 862 1.0
864 866 1.0
864 919 1.0
864 169 1.0
865 862 1.0
865 67 1.0
865 1018 1.0
65 862 1.0
866 862 1.0
866 864 1.0
866 1159 1.0
866 290 1.0
66 867 1.0
867 66 1.0
867 991 1.0
867 1047 1.0
867 1327 1.0
67 865 1.0
68 868 1.0
868 802 1.0
868 68 1.0
868 1431 1.0
869 870 1.0
869 871 1.0
869 69 1.0
870 869 1.0
870 1338 1.0
870 1375 1.0
870 1416 1.0
870 700 1.0
871 869 1.0
871 881 1.0
871 699 1.0
69 869 1.0
70 872 1.0
872 70 1.0
872 873 1.0
872 1010 1.0
872 1017 1.0
872 1263 1.0
71 873 1.0
873 782 1.0
873 872 1.0
873 71 1.0
72 874 1.0
874 72 1.0
874 1043 1.0
874 1151 1.0
874 1469 1.0
73 875 1.0
875 73 1.0
875 966 1.0
875 1280 1.0
875 1422 1.0
875 1435 1.0
876 877 1.0
876 878 1.0
876 74 1.0
877 876 1.0
877 103 1.0
877 920 1.0
877 1085 1.0
878 876 1.0
878 917 1.0
878 102 1.0
878 1085 1.0
74 876 1.0
879 786 1.0
879 880 1.0
879 881 1.0
879 882 1.0
879 75 1.0
880 879 1.0
880 1243 1.0
880 704 1.0
881 871 1.0
881 879 1.0
881 706 1.0
882 879 1.0
882 705 1.0
75 879 1.0
883 884 1.0
883 885 1.0
883 76 1.0
884 883 1.0
884 1015 1.0
884 293 1.0
885 883 1.0
885 550 1.0
885 1425 1.0
76 883 1.0
886 769 1.0
886 887 1.0
886 77 1.0
887 821 1.0
887 886 1.0
887 1308 1.0
887 725 1.0
77 886 1.0
888 769 1.0
888 774 1.0
888 79 1.0
78 774 1.0
79 888 1.0
80 769 1.0
889 890 1.0
889 891 1.0
889 892 1.0
889 81 1.0
890 889 1.0
890 893 1.0
890 1245 1.0
890 745 1.0
891 889 1.0
891 917 1.0
891 1483 1.0
891 690 1.0
892 889 1.0
892 893 1.0
892 894 1.0
892 895 1.0
892 82 1.0
81 889 1.0
893 890 1.0
893 892 1.0
893 746 1.0
894 795 1.0
894 892 1.0
894 749 1.0
895 892 1.0
895 1507 1.0
895 752 1.0
82 892 1.0
896 897 1.0
896 898 1.0
896 83 1.0
897 896 1.0
897 1168 1.0
897 1345 1.0
897 465 1.0
898 896 1.0
898 899 1.0
898 957 1.0
898 1173 1.0
898 623 1.0
83 896 1.0
899 898 1.0
899 900 1.0
899 84 1.0
900 899 1.0
900 624 1.0
900 1466 1.0
84 899 1.0
901 772 1.0
901 1305 1.0
901 421 1.0
901 1306 1.0
85 772 1.0
902 768 1.0
902 958 1.0
902 131 1.0
86 768 1.0
87 903 1.0
903 841 1.0
903 87 1.0
903 904 1.0
88 904 1.0
904 903 1.0
904 88 1.0
904 909 1.0
89 905 1.0
905 89 1.0
905 1005 1.0
905 1085 1.0
905 1268 1.0
90 906 1.0
906 90 1.0
906 1143 1.0
906 1275 1.0
91 907 1.0
907 798 1.0
907 91 1.0
907 1277 1.0
92 908 1.0
908 819 1.0
908 92 1.0
908 1276 1.0
93 909 1.0
909 904 1.0
909 93 1.0
909 910 1.0
94 910 1.0
910 909 1.0
910 94 1.0
910 1274 1.0
95 911 1.0
911 95 1.0
911 1143 1.0
911 1177 1.0
96 912 1.0
912 96 1.0
912 1143 1.0
912 1182 1.0
97 913 1.0
913 97 1.0
913 914 1.0
913 1092 1.0
98 914 1.0
914 913 1.0
914 98 1.0
914 1053 1.0
99 915 1.0
915 99 1.0
915 1060 1.0
915 1150 1.0
100 916 1.0
916 100 1.0
916 919 1.0
101 917 1.0
917 878 1.0
917 891 1.0
917 101 1.0
917 1055 1.0
917 1149 1.0
917 1308 1.0
102 878 1.0
103 877 1.0
104 918 1.0
918 104 1.0
918 1107 1.0
918 1307 1.0
105 919 1.0
919 864 1.0
919 916 1.0
919 105 1.0
919 920 1.0
919 1150 1.0
106 920 1.0
920 877 1.0
920 919 1.0
920 106 1.0
107 921 1.0
921 107 1.0
921 923 1.0
921 924 1.0
108 922 1.0
922 108 1.0
922 924 1.0
922 1072 1.0
109 923 1.0
923 921 1.0
923 109 1.0
923 924 1.0
923 930 1.0
110 924 1.0
924 921 1.0
924 922 1.0
924 923 1.0
924 110 1.0
924 925 1.0
111 925 1.0
925 838 1.0
925 924 1.0
925 111 1.0
925 926 1.0
112 926 1.0
926 925 1.0
926 112 1.0
926 1364 1.0
113 927 1.0
927 838 1.0
927 113 1.0
927 928 1.0
114 928 1.0
928 927 1.0
928 114 1.0
928 929 1.0
115 929 1.0
929 838 1.0
929 928 1.0
929 115 1.0
929 939 1.0
116 930 1.0
930 838 1.0
930 923 1.0
930 116 1.0
930 1070 1.0
930 1345 1.0
117 931 1.0
931 117 1.0
931 934 1.0
931 1312 1.0
118 932 1.0
932 118 1.0
932 937 1.0
932 1312 1.0
119 933 1.0
933 119 1.0
933 934 1.0
933 936 1.0
933 1079 1.0
120 934 1.0
934 931 1.0
934 933 1.0
934 120 1.0
121 935 1.0
935 121 1.0
935 936 1.0
935 1436 1.0
122 936 1.0
936 780 1.0
936 933 1.0
936 935 1.0
936 122 1.0
936 1313 1.0
123 937 1.0
937 932 1.0
937 123 1.0
937 1436 1.0
938 124 1.0
938 939 1.0
938 940 1.0
938 941 1.0
124 938 1.0
939 929 1.0
939 938 1.0
939 415 1.0
939 1302 1.0
939 1345 1.0
940 938 1.0
940 1167 1.0
940 463 1.0
941 938 1.0
941 1463 1.0
941 647 1.0
942 125 1.0
942 943 1.0
125 942 1.0
943 942 1.0
943 954 1.0
943 638 1.0
944 945 1.0
944 126 1.0
944 946 1.0
945 944 1.0
945 1363 1.0
945 493 1.0
126 944 1.0
946 835 1.0
946 944 1.0
946 1449 1.0
946 653 1.0
947 948 1.0
947 127 1.0
947 949 1.0
947 950 1.0
947 951 1.0
948 947 1.0
948 130 1.0
127 947 1.0
949 947 1.0
949 952 1.0
949 953 1.0
949 128 1.0
949 954 1.0
950 947 1.0
950 953 1.0
950 1255 1.0
950 371 1.0
951 947 1.0
951 955 1.0
951 132 1.0
952 949 1.0
952 1064 1.0
952 1174 1.0
952 316 1.0
953 949 1.0
953 950 1.0
953 1209 1.0
953 374 1.0
953 1258 1.0
128 949 1.0
954 943 1.0
954 949 1.0
954 373 1.0
954 1257 1.0
955 951 1.0
955 956 1.0
955 957 1.0
955 129 1.0
956 955 1.0
956 957 1.0
956 342 1.0
957 898 1.0
957 955 1.0
957 956 1.0
957 958 1.0
957 340 1.0
129 955 1.0
130 948 1.0
958 775 1.0
958 902 1.0
958 957 1.0
958 670 1.0
131 902 1.0
132 951 1.0
959 133 1.0
959 960 1.0
959 961 1.0
133 959 1.0
960 959 1.0
960 422 1.0
961 959 1.0
961 962 1.0
961 134 1.0
962 961 1.0
962 976 1.0
962 142 1.0
962 977 1.0
134 961 1.0
963 964 1.0
963 135 1.0
963 965 1.0
963 966 1.0
964 963 1.0
964 965 1.0
964 674 1.0
135 963 1.0
965 801 1.0
965 963 1.0
965 964 1.0
965 967 1.0
965 549 1.0
966 875 1.0
966 963 1.0
966 535 1.0
967 965 1.0
967 136 1.0
967 968 1.0
136 967 1.0
968 801 1.0
968 967 1.0
968 976 1.0
968 1134 1.0
968 552 1.0
969 970 1.0
969 137 1.0
969 971 1.0
970 969 1.0
970 975 1.0
970 140 1.0
970 976 1.0
137 969 1.0
971 969 1.0
971 972 1.0
971 551 1.0
971 1421 1.0
972 971 1.0
972 138 1.0
972 973 1.0
138 972 1.0
973 972 1.0
973 974 1.0
973 1301 1.0
973 534 1.0
974 973 1.0
974 139 1.0
974 975 1.0
139 974 1.0
975 970 1.0
975 974 1.0
975 1139 1.0
975 281 1.0
140 970 1.0
976 962 1.0
976 968 1.0
976 970 1.0
976 141 1.0
141 976 1.0
142 962 1.0
977 962 1.0
977 999 1.0
977 469 1.0
143 978 1.0
978 143 1.0
978 982 1.0
978 985 1.0
144 979 1.0
979 144 1.0
979 1318 1.0
979 1404 1.0
145 980 1.0
980 145 1.0
980 981 1.0
980 1196 1.0
146 981 1.0
981 980 1.0
981 146 1.0
981 985 1.0
147 822 1.0
148 982 1.0
982 978 1.0
982 148 1.0
982 1196 1.0
149 983 1.0
983 149 1.0
983 984 1.0
983 1138 1.0
983 1262 1.0
150 984 1.0
984 983 1.0
984 150 1.0
984 1262 1.0
151 985 1.0
985 978 1.0
985 981 1.0
985 151 1.0
985 1404 1.0
152 986 1.0
986 152 1.0
986 1019 1.0
986 1318 1.0
987 988 1.0
987 989 1.0
987 153 1.0
988 987 1.0
988 990 1.0
988 154 1.0
989 987 1.0
989 1326 1.0
989 441 1.0
153 987 1.0
990 988 1.0
990 1158 1.0
990 578 1.0
154 988 1.0
991 867 1.0
991 992 1.0
991 155 1.0
992 991 1.0
992 993 1.0
992 156 1.0
155 991 1.0
993 992 1.0
993 1188 1.0
993 615 1.0
156 992 1.0
994 995 1.0
994 996 1.0
994 157 1.0
995 994 1.0
995 1026 1.0
995 473 1.0
996 756 1.0
996 994 1.0
996 625 1.0
157 994 1.0
997 998 1.0
997 999 1.0
997 158 1.0
998 997 1.0
998 1398 1.0
998 554 1.0
999 977 1.0
999 997 1.0
999 1277 1.0
999 678 1.0
158 997 1.0
1000 1001 1.0
1000 1002 1.0
1000 159 1.0
1001 1000 1.0
1001 163 1.0
1001 1006 1.0
1002 1000 1.0
1002 1003 1.0
1002 160 1.0
159 1000 1.0
1003 1002 1.0
1003 1147 1.0
1003 280 1.0
160 1002 1.0
161 863 1.0
1004 814 1.0
1004 1005 1.0
1004 162 1.0
1005 905 1.0
1005 1004 1.0
1005 1097 1.0
1005 303 1.0
162 1004 1.0
163 1001 1.0
1006 1001 1.0
1006 1007 1.0
1006 164 1.0
1007 1006 1.0
1007 1013 1.0
1007 1016 1.0
1007 170 1.0
164 1006 1.0
1008 165 1.0
1008 1009 1.0
1008 1010 1.0
1008 1011 1.0
165 1008 1.0
1009 1008 1.0
1009 1105 1.0
1009 239 1.0
1010 872 1.0
1010 1008 1.0
1010 171 1.0
1011 1008 1.0
1011 1012 1.0
1011 166 1.0
1012 1011 1.0
1012 1043 1.0
1012 339 1.0
1012 1469 1.0
166 1011 1.0
1013 1007 1.0
1013 167 1.0
1013 1014 1.0
167 1013 1.0
1014 1013 1.0
1014 1015 1.0
1014 168 1.0
1015 884 1.0
1015 1014 1.0
1015 294 1.0
168 1014 1.0
169 864 1.0
1016 1007 1.0
1016 546 1.0
1016 1424 1.0
170 1007 1.0
171 1010 1.0
1017 872 1.0
1017 1018 1.0
1017 172 1.0
1018 865 1.0
1018 1017 1.0
1018 242 1.0
172 1017 1.0
1019 986 1.0
1019 1020 1.0
1019 1021 1.0
1019 173 1.0
1020 1019 1.0
1020 1192 1.0
1020 1239 1.0
1020 513 1.0
1021 1019 1.0
1021 1239 1.0
1021 459 1.0
173 1019 1.0
1022 1023 1.0
1022 1024 1.0
1022 174 1.0
1023 764 1.0
1023 1022 1.0
1023 1460 1.0
1023 1462 1.0
1023 645 1.0
1024 1022 1.0
1024 1144 1.0
1024 1221 1.0
1024 483 1.0
174 1022 1.0
1025 762 1.0
1025 764 1.0
1025 244 1.0
175 764 1.0
1026 818 1.0
1026 995 1.0
1026 1027 1.0
1026 176 1.0
1027 1026 1.0
1027 1028 1.0
1027 177 1.0
176 1026 1.0
1028 1027 1.0
1028 1029 1.0
1028 178 1.0
177 1027 1.0
1029 1028 1.0
1029 1369 1.0
1029 1411 1.0
1029 1415 1.0
1029 570 1.0
178 1028 1.0
1030 815 1.0
1030 1031 1.0
1030 1032 1.0
1030 179 1.0
1031 1030 1.0
1031 1141 1.0
1031 276 1.0
1032 810 1.0
1032 1030 1.0
1032 1033 1.0
1032 1034 1.0
1032 180 1.0
179 1030 1.0
1033 849 1.0
1033 1032 1.0
1033 1035 1.0
1033 181 1.0
1034 808 1.0
1034 1032 1.0
1034 182 1.0
180 1032 1.0
1035 1033 1.0
1035 1270 1.0
1035 1357 1.0
1035 736 1.0
181 1033 1.0
182 1034 1.0
183 849 1.0
1036 1037 1.0
1036 1038 1.0
1036 184 1.0
1036 1039 1.0
1037 1036 1.0
1037 1113 1.0
1037 248 1.0
1038 1036 1.0
1038 1059 1.0
1038 1384 1.0
1038 522 1.0
184 1036 1.0
1039 781 1.0
1039 793 1.0
1039 1036 1.0
1039 359 1.0
1040 1041 1.0
1040 1042 1.0
1040 185 1.0
1041 1040 1.0
1041 555 1.0
1041 1399 1.0
1042 1040 1.0
1042 1412 1.0
1042 567 1.0
185 1040 1.0
1043 874 1.0
1043 1012 1.0
1043 186 1.0
186 1043 1.0
1044 1045 1.0
1044 187 1.0
1044 1046 1.0
1044 1047 1.0
1045 1044 1.0
1045 188 1.0
187 1044 1.0
1046 1044 1.0
1046 1055 1.0
1046 1059 1.0
1046 194 1.0
1046 1060 1.0
1047 867 1.0
1047 1044 1.0
1047 196 1.0
188 1045 1.0
1048 1049 1.0
1048 189 1.0
1048 1050 1.0
1048 1051 1.0
1049 1048 1.0
1049 1278 1.0
1049 389 1.0
189 1048 1.0
1050 1048 1.0
1050 1058 1.0
1050 354 1.0
1051 1048 1.0
1051 1241 1.0
1051 353 1.0
1051 1244 1.0
1052 190 1.0
1052 1053 1.0
1052 1054 1.0
190 1052 1.0
1053 914 1.0
1053 1052 1.0
1053 230 1.0
1054 760 1.0
1054 1052 1.0
1054 627 1.0
1055 917 1.0
1055 1046 1.0
1055 191 1.0
191 1055 1.0
1056 1057 1.0
1056 192 1.0
1056 1058 1.0
1057 1056 1.0
1057 1217 1.0
1057 1372 1.0
1057 1373 1.0
1057 503 1.0
192 1056 1.0
1058 1050 1.0
1058 1056 1.0
1058 1118 1.0
1058 657 1.0
1059 1038 1.0
1059 1046 1.0
1059 193 1.0
193 1059 1.0
194 1046 1.0
1060 915 1.0
1060 1046 1.0
1060 1061 1.0
1060 283 1.0
1061 1060 1.0
1061 195 1.0
195 1061 1.0
196 1047 1.0
1062 1063 1.0
1062 1064 1.0
1062 197 1.0
1063 1062 1.0
1063 1072 1.0
1063 398 1.0
1064 952 1.0
1064 1062 1.0
1064 1071 1.0
1064 1072 1.0
1064 1074 1.0
1064 1075 1.0
1064 206 1.0
197 1062 1.0
1065 809 1.0
1065 198 1.0
198 1065 1.0
1066 1067 1.0
1066 199 1.0
1066 1068 1.0
1067 1066 1.0
1067 1069 1.0
1067 200 1.0
199 1066 1.0
1068 1066 1.0
1068 317 1.0
1069 1067 1.0
1069 1195 1.0
1069 314 1.0
200 1067 1.0
1070 930 1.0
1070 1071 1.0
1070 201 1.0
1071 1064 1.0
1071 1070 1.0
1071 202 1.0
201 1070 1.0
202 1071 1.0
1072 922 1.0
1072 1063 1.0
1072 1064 1.0
1072 203 1.0
203 1072 1.0
1073 861 1.0
1073 318 1.0
204 861 1.0
1074 809 1.0
1074 1064 1.0
1074 205 1.0
205 1074 1.0
1075 1064 1.0
1075 300 1.0
1075 1173 1.0
1075 1174 1.0
206 1064 1.0
207 1076 1.0
1076 207 1.0
1076 1077 1.0
1076 1241 1.0
208 1077 1.0
1077 1076 1.0
1077 208 1.0
1077 1080 1.0
1077 1081 1.0
1077 1083 1.0
1077 1166 1.0
209 1078 1.0
1078 819 1.0
1078 209 1.0
1078 1239 1.0
210 1079 1.0
1079 933 1.0
1079 210 1.0
1079 1211 1.0
211 1080 1.0
1080 1077 1.0
1080 211 1.0
1080 1081 1.0
212 1081 1.0
1081 1077 1.0
1081 1080 1.0
1081 212 1.0
1081 1240 1.0
213 1082 1.0
1082 213 1.0
1082 1111 1.0
214 1083 1.0
1083 1077 1.0
1083 214 1.0
1083 1112 1.0
215 1084 1.0
1084 215 1.0
1084 1166 1.0
1084 1191 1.0
1084 1240 1.0
216 1085 1.0
1085 877 1.0
1085 878 1.0
1085 905 1.0
1085 216 1.0
217 1086 1.0
1086 217 1.0
1086 1294 1.0
1086 1443 1.0
218 1087 1.0
1087 218 1.0
1087 1093 1.0
1087 1095 1.0
219 1088 1.0
1088 219 1.0
1088 1089 1.0
1088 1165 1.0
220 1089 1.0
1089 1088 1.0
1089 220 1.0
1089 1487 1.0
221 1090 1.0
1090 221 1.0
1090 1456 1.0
1090 1479 1.0
222 821 1.0
223 1091 1.0
1091 223 1.0
1091 1092 1.0
1091 1484 1.0
224 1092 1.0
1092 913 1.0
1092 1091 1.0
1092 224 1.0
225 1093 1.0
1093 1087 1.0
1093 225 1.0
1093 1096 1.0
226 1094 1.0
1094 226 1.0
1094 1272 1.0
1094 1473 1.0
227 1095 1.0
1095 811 1.0
1095 1087 1.0
1095 227 1.0
228 1096 1.0
1096 1093 1.0
1096 228 1.0
1096 1443 1.0
229 762 1.0
230 1053 1.0
231 842 1.0
232 1097 1.0
1097 1005 1.0
1097 232 1.0
1097 1185 1.0
1097 1268 1.0
233 1098 1.0
1098 233 1.0
1098 1246 1.0
1098 1367 1.0
234 760 1.0
235 1099 1.0
1099 235 1.0
1099 1203 1.0
1099 1206 1.0
1099 1216 1.0
236 1100 1.0
1100 236 1.0
1100 1205 1.0
1100 1206 1.0
1101 237 1.0
1101 1102 1.0
1101 1103 1.0
237 1101 1.0
1102 1101 1.0
1102 238 1.0
1102 1104 1.0
1103 1101 1.0
1103 1105 1.0
1103 240 1.0
238 1102 1.0
1104 1102 1.0
1104 356 1.0
1104 1243 1.0
1105 1009 1.0
1105 1103 1.0
1105 287 1.0
239 1009 1.0
240 1103 1.0
1106 782 1.0
1106 241 1.0
241 1106 1.0
242 1018 1.0
243 1107 1.0
1107 813 1.0
1107 918 1.0
1107 243 1.0
1107 1393 1.0
244 1025 1.0
1108 843 1.0
1108 1297 1.0
1108 413 1.0
245 843 1.0
1109 1110 1.0
1109 1111 1.0
1109 246 1.0
1110 1109 1.0
1110 1112 1.0
1110 247 1.0
1111 1082 1.0
1111 1109 1.0
1111 1116 1.0
1111 251 1.0
246 1109 1.0
1112 1083 1.0
1112 1110 1.0
1112 1114 1.0
1112 548 1.0
247 1110 1.0
1113 1037 1.0
1113 1384 1.0
1113 681 1.0
248 1037 1.0
1114 1112 1.0
1114 1115 1.0
1114 249 1.0
1115 793 1.0
1115 1114 1.0
1115 545 1.0
249 1114 1.0
1116 1111 1.0
1116 250 1.0
250 1116 1.0
251 1111 1.0
1117 1118 1.0
1117 252 1.0
1117 1119 1.0
1118 1058 1.0
1118 1117 1.0
1118 1219 1.0
1118 1374 1.0
1118 505 1.0
252 1117 1.0
1119 1117 1.0
1119 253 1.0
1119 1120 1.0
253 1119 1.0
1120 793 1.0
1120 1119 1.0
1120 254 1.0
254 1120 1.0
255 1121 1.0
1121 255 1.0
1121 1122 1.0
1121 1124 1.0
256 1122 1.0
1122 1121 1.0
1122 256 1.0
1122 1161 1.0
257 1123 1.0
1123 257 1.0
1123 1124 1.0
1123 1163 1.0
258 1124 1.0
1124 1121 1.0
1124 1123 1.0
1124 258 1.0
1124 1126 1.0
1124 1162 1.0
259 1125 1.0
1125 259 1.0
1125 1128 1.0
1125 1164 1.0
260 1126 1.0
1126 1124 1.0
1126 260 1.0
1126 1127 1.0
261 1127 1.0
1127 1126 1.0
1127 261 1.0
1127 1130 1.0
262 1128 1.0
1128 1125 1.0
1128 262 1.0
1128 1165 1.0
263 1129 1.0
1129 263 1.0
1129 1130 1.0
1129 1160 1.0
264 1130 1.0
1130 1127 1.0
1130 1129 1.0
1130 264 1.0
265 1131 1.0
1131 265 1.0
1131 1133 1.0
1131 1301 1.0
266 1132 1.0
1132 812 1.0
1132 266 1.0
1132 1474 1.0
1132 1475 1.0
267 806 1.0
268 1133 1.0
1133 1131 1.0
1133 268 1.0
1133 1138 1.0
269 1134 1.0
1134 968 1.0
1134 269 1.0
1134 1137 1.0
1134 1402 1.0
270 1135 1.0
1135 270 1.0
1135 1137 1.0
271 1136 1.0
1136 271 1.0
1136 1276 1.0
1136 1307 1.0
272 1137 1.0
1137 1134 1.0
1137 1135 1.0
1137 272 1.0
273 1138 1.0
1138 983 1.0
1138 1133 1.0
1138 273 1.0
1138 1139 1.0
274 1139 1.0
1139 975 1.0
1139 1138 1.0
1139 274 1.0
1140 810 1.0
1140 1141 1.0
1140 1142 1.0
1140 275 1.0
1141 1031 1.0
1141 1140 1.0
1141 1357 1.0
1141 543 1.0
1142 1140 1.0
1142 1270 1.0
1142 403 1.0
275 1140 1.0
276 1031 1.0
1143 906 1.0
1143 911 1.0
1143 912 1.0
1143 277 1.0
277 1143 1.0
1144 1024 1.0
1144 1145 1.0
1144 278 1.0
1144 1146 1.0
1145 1144 1.0
1145 1494 1.0
1145 717 1.0
278 1144 1.0
1146 1144 1.0
1146 1228 1.0
1146 1269 1.0
1146 1354 1.0
1146 488 1.0
1147 1003 1.0
1147 1148 1.0
1147 279 1.0
1148 1147 1.0
1148 1275 1.0
1148 517 1.0
279 1147 1.0
280 1003 1.0
281 975 1.0
1149 917 1.0
1149 1150 1.0
1149 282 1.0
1150 915 1.0
1150 919 1.0
1150 1149 1.0
1150 284 1.0
282 1149 1.0
283 1060 1.0
284 1150 1.0
1151 874 1.0
1151 1152 1.0
1151 1153 1.0
1151 285 1.0
1152 1151 1.0
1152 1154 1.0
1152 286 1.0
1152 1155 1.0
1153 784 1.0
1153 1151 1.0
1153 288 1.0
285 1151 1.0
1154 1152 1.0
1154 1157 1.0
1154 291 1.0
286 1152 1.0
1155 784 1.0
1155 785 1.0
1155 1152 1.0
1155 1202 1.0
1155 515 1.0
1155 1380 1.0
287 1105 1.0
288 1153 1.0
1156 1157 1.0
1156 289 1.0
1156 1158 1.0
1157 1154 1.0
1157 1156 1.0
1157 1199 1.0
1157 577 1.0
289 1156 1.0
1158 990 1.0
1158 1156 1.0
1158 292 1.0
1159 866 1.0
1159 1263 1.0
1159 391 1.0
290 866 1.0
291 1154 1.0
292 1158 1.0
293 884 1.0
294 1015 1.0
1160 1129 1.0
1160 1481 1.0
1160 686 1.0
1161 1122 1.0
1161 366 1.0
1161 1256 1.0
1162 1124 1.0
1162 402 1.0
1162 1323 1.0
1163 1123 1.0
1163 1271 1.0
1163 462 1.0
1164 1125 1.0
1164 1171 1.0
1164 485 1.0
1165 1088 1.0
1165 1128 1.0
1165 1400 1.0
1165 584 1.0
1166 1077 1.0
1166 1084 1.0
1166 295 1.0
295 1166 1.0
1167 940 1.0
1167 1168 1.0
1167 296 1.0
1168 897 1.0
1168 1167 1.0
1168 728 1.0
296 1167 1.0
1169 1170 1.0
1169 1171 1.0
1169 297 1.0
1170 1169 1.0
1170 1256 1.0
1170 468 1.0
1171 1164 1.0
1171 1169 1.0
1171 298 1.0
297 1169 1.0
298 1171 1.0
1172 763 1.0
1172 1239 1.0
1172 496 1.0
299 763 1.0
300 1075 1.0
1173 898 1.0
1173 1075 1.0
1173 1426 1.0
1173 708 1.0
1174 952 1.0
1174 1075 1.0
1174 315 1.0
1175 1176 1.0
1175 301 1.0
1175 1177 1.0
1176 1175 1.0
1176 304 1.0
1176 1178 1.0
301 1175 1.0
1177 911 1.0
1177 1175 1.0
1177 302 1.0
302 1177 1.0
303 1005 1.0
304 1176 1.0
1178 1176 1.0
1178 1179 1.0
1178 1180 1.0
1178 305 1.0
1178 1181 1.0
1179 780 1.0
1179 1178 1.0
1179 308 1.0
1180 1178 1.0
1180 306 1.0
1180 1182 1.0
1180 1183 1.0
305 1178 1.0
1181 1178 1.0
1181 1222 1.0
1181 417 1.0
306 1180 1.0
1182 912 1.0
1182 1180 1.0
1182 715 1.0
1183 1180 1.0
1183 1355 1.0
1183 484 1.0
1184 812 1.0
1184 1185 1.0
1184 307 1.0
1184 1186 1.0
1185 1097 1.0
1185 1184 1.0
1185 1259 1.0
1185 382 1.0
1185 1268 1.0
307 1184 1.0
1186 812 1.0
1186 1184 1.0
1186 718 1.0
308 1179 1.0
1187 1188 1.0
1187 309 1.0
1187 1189 1.0
1188 993 1.0
1188 1187 1.0
1188 310 1.0
309 1187 1.0
1189 1187 1.0
1189 1199 1.0
1189 323 1.0
310 1188 1.0
1190 811 1.0
1190 311 1.0
1190 1191 1.0
311 1190 1.0
1191 1084 1.0
1191 1190 1.0
1191 478 1.0
1192 1020 1.0
1192 312 1.0
1192 1193 1.0
1192 1194 1.0
312 1192 1.0
1193 1192 1.0
1193 453 1.0
1194 1192 1.0
1194 1233 1.0
1194 1340 1.0
1194 530 1.0
1195 1069 1.0
1195 313 1.0
1195 1196 1.0
1195 1197 1.0
313 1195 1.0
1196 980 1.0
1196 982 1.0
1196 1195 1.0
1196 1231 1.0
1196 1232 1.0
1196 1454 1.0
1196 669 1.0
1197 1195 1.0
1197 1284 1.0
1197 610 1.0
314 1069 1.0
315 1174 1.0
316 952 1.0
317 1068 1.0
318 1073 1.0
319 1198 1.0
1198 319 1.0
1198 1199 1.0
1198 1380 1.0
320 1199 1.0
1199 1157 1.0
1199 1189 1.0
1199 1198 1.0
1199 320 1.0
1199 1203 1.0
1199 1204 1.0
321 1200 1.0
1200 321 1.0
1200 1259 1.0
322 1201 1.0
1201 322 1.0
1201 1259 1.0
1201 1267 1.0
323 1189 1.0
324 1202 1.0
1202 1155 1.0
1202 324 1.0
1202 1205 1.0
325 1203 1.0
1203 1099 1.0
1203 1199 1.0
1203 325 1.0
1203 1204 1.0
326 1204 1.0
1204 1199 1.0
1204 1203 1.0
1204 326 1.0
327 1205 1.0
1205 1100 1.0
1205 1202 1.0
1205 327 1.0
328 1206 1.0
1206 787 1.0
1206 1099 1.0
1206 1100 1.0
1206 328 1.0
1207 1208 1.0
1207 1209 1.0
1207 329 1.0
1208 1207 1.0
1208 1210 1.0
1208 330 1.0
1209 953 1.0
1209 1207 1.0
1209 1215 1.0
1209 336 1.0
329 1207 1.0
1210 1208 1.0
1210 1223 1.0
1210 1498 1.0
1210 1499 1.0
1210 742 1.0
330 1208 1.0
1211 1079 1.0
1211 1212 1.0
1211 331 1.0
1212 1211 1.0
1212 1221 1.0
1212 1222 1.0
1212 334 1.0
331 1211 1.0
1213 1214 1.0
1213 1215 1.0
1213 332 1.0
1214 1213 1.0
1214 724 1.0
1214 1499 1.0
1215 1209 1.0
1215 1213 1.0
1215 1226 1.0
1215 1227 1.0
1215 337 1.0
332 1213 1.0
1216 802 1.0
1216 1099 1.0
1216 1217 1.0
1216 1218 1.0
1216 1219 1.0
1216 1220 1.0
1216 333 1.0
1217 1057 1.0
1217 1216 1.0
1217 508 1.0
1218 1216 1.0
1218 507 1.0
1219 1118 1.0
1219 1216 1.0
1219 499 1.0
1220 1216 1.0
1220 1384 1.0
1220 633 1.0
333 1216 1.0
1221 1024 1.0
1221 1212 1.0
1221 1269 1.0
1221 386 1.0
1222 1181 1.0
1222 1212 1.0
1222 480 1.0
334 1212 1.0
1223 1210 1.0
1223 1224 1.0
1223 1225 1.0
1223 335 1.0
1224 1223 1.0
1224 1228 1.0
1224 338 1.0
1225 1223 1.0
1225 1228 1.0
1225 1475 1.0
1225 719 1.0
335 1223 1.0
336 1209 1.0
1226 1215 1.0
1226 367 1.0
1226 1252 1.0
1227 1215 1.0
1227 352 1.0
1227 1461 1.0
337 1215 1.0
1228 1146 1.0
1228 1224 1.0
1228 1225 1.0
1228 711 1.0
1228 1494 1.0
338 1224 1.0
339 1012 1.0
340 957 1.0
341 1229 1.0
1229 759 1.0
1229 341 1.0
1229 1503 1.0
342 956 1.0
343 1230 1.0
1230 343 1.0
1230 1302 1.0
344 1231 1.0
1231 1196 1.0
1231 344 1.0
1231 1234 1.0
345 1232 1.0
1232 1196 1.0
1232 345 1.0
346 1233 1.0
1233 1194 1.0
1233 346 1.0
1233 1234 1.0
1233 1361 1.0
347 1234 1.0
1234 1231 1.0
1234 1233 1.0
1234 347 1.0
348 1235 1.0
1235 348 1.0
1235 1236 1.0
1235 1247 1.0
349 1236 1.0
1236 1235 1.0
1236 349 1.0
1236 1362 1.0
350 1237 1.0
1237 350 1.0
1237 1238 1.0
1237 1322 1.0
351 1238 1.0
1238 1237 1.0
1238 351 1.0
1238 1346 1.0
352 1227 1.0
1239 1020 1.0
1239 1021 1.0
1239 1078 1.0
1239 1172 1.0
1239 1341 1.0
1239 1343 1.0
1239 458 1.0
1239 1386 1.0
1240 1081 1.0
1240 1084 1.0
1240 1376 1.0
1240 510 1.0
1241 1051 1.0
1241 1076 1.0
1241 544 1.0
353 1051 1.0
354 1050 1.0
355 1242 1.0
1242 355 1.0
1242 1315 1.0
356 1104 1.0
357 1243 1.0
1243 880 1.0
1243 1104 1.0
1243 357 1.0
1243 1455 1.0
358 1244 1.0
1244 1051 1.0
1244 358 1.0
359 1039 1.0
360 1245 1.0
1245 781 1.0
1245 793 1.0
1245 890 1.0
1245 360 1.0
361 1246 1.0
1246 839 1.0
1246 1098 1.0
1246 361 1.0
1246 1367 1.0
362 1247 1.0
1247 1235 1.0
1247 362 1.0
1247 1314 1.0
1247 1359 1.0
1247 1454 1.0
363 833 1.0
364 858 1.0
1248 858 1.0
1248 1254 1.0
1248 370 1.0
1249 365 1.0
1249 1250 1.0
1249 1251 1.0
365 1249 1.0
1250 1249 1.0
1250 1425 1.0
1250 740 1.0
1251 1249 1.0
1251 1506 1.0
1251 743 1.0
366 1161 1.0
367 1226 1.0
1252 1226 1.0
1252 1253 1.0
1252 1319 1.0
1252 436 1.0
1253 1252 1.0
1253 368 1.0
368 1253 1.0
369 776 1.0
1254 1248 1.0
1254 1286 1.0
1254 394 1.0
370 1248 1.0
1255 950 1.0
1255 573 1.0
371 950 1.0
372 1256 1.0
1256 1161 1.0
1256 1170 1.0
1256 372 1.0
373 954 1.0
1257 954 1.0
1257 1457 1.0
1257 641 1.0
374 953 1.0
1258 953 1.0
1258 435 1.0
1258 1321 1.0
1259 1185 1.0
1259 1200 1.0
1259 1201 1.0
1259 1260 1.0
1259 375 1.0
1260 1259 1.0
1260 1261 1.0
1260 377 1.0
375 1259 1.0
1261 1260 1.0
1261 376 1.0
376 1261 1.0
377 1260 1.0
378 1262 1.0
1262 983 1.0
1262 984 1.0
1262 378 1.0
1262 1402 1.0
1263 872 1.0
1263 1159 1.0
1263 1264 1.0
1263 379 1.0
1264 1263 1.0
1264 583 1.0
1264 1469 1.0
379 1263 1.0
1265 1266 1.0
1265 380 1.0
1266 1265 1.0
1266 1267 1.0
1266 385 1.0
380 1265 1.0
1267 1201 1.0
1267 1266 1.0
1267 381 1.0
381 1267 1.0
382 1185 1.0
1268 905 1.0
1268 1097 1.0
1268 1185 1.0
1268 553 1.0
383 1269 1.0
1269 1146 1.0
1269 1221 1.0
1269 383 1.0
1270 1035 1.0
1270 1142 1.0
1270 1271 1.0
1270 384 1.0
1271 1163 1.0
1271 1270 1.0
1271 397 1.0
1271 1290 1.0
384 1270 1.0
385 1266 1.0
386 1221 1.0
387 1272 1.0
1272 1094 1.0
1272 387 1.0
1272 1273 1.0
388 1273 1.0
1273 833 1.0
1273 1272 1.0
1273 388 1.0
1274 910 1.0
1274 1296 1.0
1274 408 1.0
1275 906 1.0
1275 1148 1.0
1275 511 1.0
1276 908 1.0
1276 1136 1.0
1276 497 1.0
1277 907 1.0
1277 999 1.0
1277 526 1.0
1277 1405 1.0
1277 1423 1.0
1277 1435 1.0
1278 1049 1.0
1278 1350 1.0
1278 538 1.0
389 1049 1.0
1279 1280 1.0
1279 1281 1.0
1279 390 1.0
1280 875 1.0
1280 1279 1.0
1280 539 1.0
1281 1279 1.0
1281 536 1.0
1281 1477 1.0
390 1279 1.0
391 1159 1.0
1282 1283 1.0
1282 1284 1.0
1282 392 1.0
1282 1285 1.0
1283 1282 1.0
1283 1388 1.0
1283 1397 1.0
1283 676 1.0
1284 1197 1.0
1284 1282 1.0
1284 466 1.0
392 1282 1.0
1285 1282 1.0
1285 1314 1.0
1285 1315 1.0
1285 1361 1.0
1285 593 1.0
1285 1432 1.0
1286 1254 1.0
1286 1287 1.0
1286 393 1.0
1287 1286 1.0
1287 1288 1.0
1287 396 1.0
393 1286 1.0
394 1254 1.0
1288 1287 1.0
1288 1289 1.0
1288 395 1.0
1289 794 1.0
1289 1288 1.0
1289 547 1.0
395 1288 1.0
396 1287 1.0
397 1271 1.0
398 1063 1.0
399 853 1.0
400 1290 1.0
1290 1271 1.0
1290 400 1.0
1290 1358 1.0
401 1291 1.0
1291 759 1.0
1291 401 1.0
1291 1292 1.0
1291 1348 1.0
402 1162 1.0
403 1142 1.0
404 1292 1.0
1292 1291 1.0
1292 404 1.0
1292 1352 1.0
1293 405 1.0
1293 1294 1.0
1293 1295 1.0
405 1293 1.0
1294 1086 1.0
1294 1293 1.0
1294 751 1.0
1295 1293 1.0
1295 1328 1.0
1295 709 1.0
1296 792 1.0
1296 1274 1.0
1296 406 1.0
406 1296 1.0
1297 1108 1.0
1297 407 1.0
1297 1298 1.0
407 1297 1.0
1298 1297 1.0
1298 1335 1.0
1298 449 1.0
408 1274 1.0
1299 796 1.0
1299 409 1.0
1299 1300 1.0
409 1299 1.0
1300 1299 1.0
1300 585 1.0
1300 1450 1.0
410 845 1.0
411 807 1.0
412 808 1.0
413 1108 1.0
414 1301 1.0
1301 973 1.0
1301 1131 1.0
1301 414 1.0
415 939 1.0
416 1302 1.0
1302 939 1.0
1302 1230 1.0
1302 416 1.0
1302 1464 1.0
417 1181 1.0
418 1303 1.0
1303 418 1.0
1303 1304 1.0
1303 1306 1.0
1303 1464 1.0
419 1304 1.0
1304 1303 1.0
1304 419 1.0
1304 1305 1.0
420 1305 1.0
1305 901 1.0
1305 1304 1.0
1305 420 1.0
1305 1466 1.0
421 901 1.0
422 960 1.0
423 1306 1.0
1306 901 1.0
1306 1303 1.0
1306 423 1.0
1307 918 1.0
1307 1136 1.0
1307 594 1.0
1307 1446 1.0
1308 887 1.0
1308 917 1.0
1308 726 1.0
424 1309 1.0
1309 424 1.0
1309 1312 1.0
1309 1382 1.0
425 1310 1.0
1310 425 1.0
1310 1311 1.0
1310 1379 1.0
426 1311 1.0
1311 1310 1.0
1311 426 1.0
1311 1381 1.0
427 1312 1.0
1312 931 1.0
1312 932 1.0
1312 1309 1.0
1312 427 1.0
428 1313 1.0
1313 936 1.0
1313 428 1.0
1313 1378 1.0
429 1314 1.0
1314 1247 1.0
1314 1285 1.0
1314 429 1.0
430 1315 1.0
1315 1242 1.0
1315 1285 1.0
1315 430 1.0
431 1316 1.0
1316 431 1.0
1316 1317 1.0
432 1317 1.0
1317 824 1.0
1317 1316 1.0
1317 432 1.0
433 1318 1.0
1318 979 1.0
1318 986 1.0
1318 433 1.0
1319 1252 1.0
1319 434 1.0
1319 1320 1.0
434 1319 1.0
1320 1319 1.0
1320 437 1.0
435 1258 1.0
1321 1258 1.0
1321 1495 1.0
1321 729 1.0
436 1252 1.0
437 1320 1.0
1322 839 1.0
1322 1237 1.0
1322 438 1.0
438 1322 1.0
1323 1162 1.0
1323 1324 1.0
1323 439 1.0
1323 1325 1.0
1324 1323 1.0
1324 1325 1.0
1324 1358 1.0
1324 569 1.0
439 1323 1.0
1325 1323 1.0
1325 1324 1.0
1325 1369 1.0
1325 1400 1.0
1325 564 1.0
1325 1411 1.0
1326 989 1.0
1326 1327 1.0
1326 440 1.0
1327 867 1.0
1327 1326 1.0
1327 442 1.0
440 1326 1.0
441 989 1.0
442 1327 1.0
1328 1295 1.0
1328 1329 1.0
1328 443 1.0
1329 1328 1.0
1329 1330 1.0
1329 444 1.0
443 1328 1.0
1330 1329 1.0
1330 1333 1.0
1330 447 1.0
444 1329 1.0
1331 1332 1.0
1331 445 1.0
1331 1333 1.0
1332 1331 1.0
1332 446 1.0
1332 1334 1.0
445 1331 1.0
1333 1330 1.0
1333 1331 1.0
1333 448 1.0
446 1332 1.0
1334 1332 1.0
1334 1336 1.0
1334 451 1.0
447 1330 1.0
448 1333 1.0
1335 1298 1.0
1335 1336 1.0
1335 452 1.0
449 1298 1.0
1336 1334 1.0
1336 1335 1.0
1336 450 1.0
1336 1337 1.0
450 1336 1.0
1337 1336 1.0
1337 1376 1.0
1337 659 1.0
451 1334 1.0
452 1335 1.0
1338 789 1.0
1338 870 1.0
1338 702 1.0
1339 785 1.0
1339 788 1.0
1339 1375 1.0
1339 509 1.0
453 1193 1.0
454 1340 1.0
1340 1194 1.0
1340 454 1.0
455 1341 1.0
1341 1239 1.0
1341 455 1.0
1341 1434 1.0
456 1342 1.0
1342 456 1.0
1342 1343 1.0
1342 1457 1.0
457 1343 1.0
1343 1239 1.0
1343 1342 1.0
1343 457 1.0
458 1239 1.0
459 1021 1.0
460 817 1.0
461 1344 1.0
1344 461 1.0
1344 1348 1.0
1344 1349 1.0
1344 1353 1.0
462 1163 1.0
463 940 1.0
1345 897 1.0
1345 930 1.0
1345 939 1.0
1345 464 1.0
464 1345 1.0
465 897 1.0
466 1284 1.0
1346 1238 1.0
1346 467 1.0
1346 1347 1.0
467 1346 1.0
1347 852 1.0
1347 1346 1.0
1347 529 1.0
468 1170 1.0
469 977 1.0
470 1348 1.0
1348 1291 1.0
1348 1344 1.0
1348 470 1.0
471 1349 1.0
1349 1344 1.0
1349 471 1.0
1349 1350 1.0
472 1350 1.0
1350 1278 1.0
1350 1349 1.0
1350 472 1.0
1350 1500 1.0
473 995 1.0
474 1351 1.0
1351 474 1.0
1351 1352 1.0
1351 1370 1.0
475 1352 1.0
1352 1292 1.0
1352 1351 1.0
1352 475 1.0
1352 1353 1.0
476 1353 1.0
1353 1344 1.0
1353 1352 1.0
1353 476 1.0
477 775 1.0
478 1191 1.0
479 1354 1.0
1354 1146 1.0
1354 479 1.0
1354 1356 1.0
480 1222 1.0
481 1355 1.0
1355 1183 1.0
1355 481 1.0
1355 1356 1.0
482 1356 1.0
1356 1354 1.0
1356 1355 1.0
1356 482 1.0
483 1024 1.0
484 1183 1.0
485 1164 1.0
486 1357 1.0
1357 1035 1.0
1357 1141 1.0
1357 486 1.0
487 1358 1.0
1358 1290 1.0
1358 1324 1.0
1358 487 1.0
488 1146 1.0
1359 1247 1.0
1359 489 1.0
1359 1360 1.0
489 1359 1.0
1360 1359 1.0
1360 1363 1.0
1360 1366 1.0
1360 1367 1.0
1360 498 1.0
1361 1233 1.0
1361 1285 1.0
1361 490 1.0
1361 1362 1.0
490 1361 1.0
1362 1236 1.0
1362 1361 1.0
1362 1364 1.0
1362 707 1.0
1363 945 1.0
1363 1360 1.0
1363 491 1.0
1363 1364 1.0
491 1363 1.0
1364 926 1.0
1364 1362 1.0
1364 1363 1.0
1364 492 1.0
1364 1365 1.0
1364 1366 1.0
492 1364 1.0
1365 1364 1.0
1365 1396 1.0
1365 599 1.0
1366 1360 1.0
1366 1364 1.0
1366 562 1.0
493 945 1.0
1367 1098 1.0
1367 1246 1.0
1367 1360 1.0
1367 494 1.0
494 1367 1.0
495 805 1.0
496 1172 1.0
497 1276 1.0
498 1360 1.0
499 1219 1.0
1368 500 1.0
1368 1369 1.0
500 1368 1.0
1369 1029 1.0
1369 1325 1.0
1369 1368 1.0
1369 572 1.0
1370 1351 1.0
1370 501 1.0
1370 1371 1.0
501 1370 1.0
1371 1370 1.0
1371 1372 1.0
1371 1410 1.0
1371 563 1.0
1372 1057 1.0
1372 1371 1.0
1372 502 1.0
502 1372 1.0
1373 1057 1.0
1373 1374 1.0
1373 504 1.0
503 1057 1.0
1374 1118 1.0
1374 1373 1.0
1374 506 1.0
504 1373 1.0
505 1118 1.0
506 1374 1.0
507 1218 1.0
508 1217 1.0
1375 870 1.0
1375 1339 1.0
1375 701 1.0
509 1339 1.0
1376 1240 1.0
1376 1337 1.0
1376 656 1.0
510 1240 1.0
511 1275 1.0
1377 512 1.0
1377 1378 1.0
1377 1379 1.0
512 1377 1.0
1378 1313 1.0
1378 1377 1.0
1378 514 1.0
1379 1310 1.0
1379 1377 1.0
1379 519 1.0
1379 1383 1.0
513 1020 1.0
514 1378 1.0
515 1155 1.0
1380 1155 1.0
1380 1198 1.0
1380 516 1.0
516 1380 1.0
517 1148 1.0
1381 1311 1.0
1381 518 1.0
1381 1382 1.0
518 1381 1.0
1382 1309 1.0
1382 1381 1.0
1382 1429 1.0
1382 636 1.0
519 1379 1.0
1383 1379 1.0
1383 520 1.0
520 1383 1.0
521 1384 1.0
1384 1038 1.0
1384 1113 1.0
1384 1220 1.0
1384 521 1.0
1384 1431 1.0
522 1038 1.0
523 1385 1.0
1385 809 1.0
1385 523 1.0
1385 1434 1.0
524 1386 1.0
1386 1239 1.0
1386 524 1.0
1386 1434 1.0
525 1387 1.0
1387 770 1.0
1387 794 1.0
1387 795 1.0
1387 525 1.0
526 1277 1.0
1388 852 1.0
1388 1283 1.0
1388 527 1.0
527 1388 1.0
528 852 1.0
529 1347 1.0
530 1194 1.0
1389 531 1.0
1389 1390 1.0
1389 1391 1.0
531 1389 1.0
1390 1389 1.0
1390 532 1.0
1390 1392 1.0
1391 1389 1.0
1391 586 1.0
1391 1444 1.0
532 1390 1.0
1392 1390 1.0
1392 533 1.0
1392 1393 1.0
533 1392 1.0
1393 1107 1.0
1393 1392 1.0
1393 595 1.0
534 973 1.0
535 966 1.0
536 1281 1.0
537 1394 1.0
1394 537 1.0
1394 1422 1.0
1394 1477 1.0
538 1278 1.0
539 1280 1.0
540 1395 1.0
1395 540 1.0
1395 1396 1.0
1395 1407 1.0
541 1396 1.0
1396 835 1.0
1396 1365 1.0
1396 1395 1.0
1396 541 1.0
1396 1405 1.0
542 1397 1.0
1397 1283 1.0
1397 542 1.0
543 1141 1.0
544 1241 1.0
545 1115 1.0
546 1016 1.0
547 1289 1.0
548 1112 1.0
549 965 1.0
550 885 1.0
551 971 1.0
552 968 1.0
553 1268 1.0
1398 837 1.0
1398 998 1.0
1398 621 1.0
554 998 1.0
555 1041 1.0
1399 1041 1.0
1399 1401 1.0
1399 635 1.0
1400 1165 1.0
1400 1325 1.0
1400 556 1.0
1400 1401 1.0
556 1400 1.0
1401 1399 1.0
1401 1400 1.0
1401 588 1.0
1402 1134 1.0
1402 1262 1.0
1402 557 1.0
557 1402 1.0
1403 825 1.0
1403 558 1.0
1403 1404 1.0
558 1403 1.0
1404 979 1.0
1404 985 1.0
1404 1403 1.0
1404 1445 1.0
1404 658 1.0
1405 1277 1.0
1405 1396 1.0
1405 559 1.0
559 1405 1.0
1406 1407 1.0
1406 560 1.0
1407 1395 1.0
1407 1406 1.0
1407 617 1.0
560 1406 1.0
1408 797 1.0
1408 561 1.0
1408 1409 1.0
561 1408 1.0
1409 797 1.0
1409 1408 1.0
1409 695 1.0
1409 1489 1.0
562 1366 1.0
1410 1371 1.0
1410 1505 1.0
1410 739 1.0
563 1371 1.0
564 1325 1.0
1411 1029 1.0
1411 1325 1.0
1411 565 1.0
565 1411 1.0
1412 1042 1.0
1412 1413 1.0
1412 566 1.0
1413 1412 1.0
1413 1414 1.0
1413 622 1.0
566 1412 1.0
567 1042 1.0
1414 1413 1.0
1414 1415 1.0
1414 568 1.0
1415 1029 1.0
1415 1414 1.0
1415 571 1.0
568 1414 1.0
569 1324 1.0
570 1029 1.0
571 1415 1.0
572 1369 1.0
573 1255 1.0
574 759 1.0
1416 870 1.0
1416 1417 1.0
1416 575 1.0
1417 1416 1.0
1417 1418 1.0
1417 576 1.0
575 1416 1.0
1418 1417 1.0
1418 703 1.0
1418 1505 1.0
576 1417 1.0
577 1157 1.0
578 990 1.0
579 832 1.0
1419 832 1.0
1419 833 1.0
1419 1467 1.0
1419 655 1.0
1420 832 1.0
1420 1441 1.0
1420 652 1.0
1421 971 1.0
1421 580 1.0
580 1421 1.0
581 1422 1.0
1422 875 1.0
1422 1394 1.0
1422 581 1.0
1422 1423 1.0
1422 1490 1.0
582 1423 1.0
1423 1277 1.0
1423 1422 1.0
1423 582 1.0
583 1264 1.0
1424 1016 1.0
1424 1493 1.0
1424 716 1.0
1425 885 1.0
1425 1250 1.0
1425 619 1.0
584 1165 1.0
585 1300 1.0
586 1391 1.0
587 1426 1.0
1426 1173 1.0
1426 587 1.0
588 1401 1.0
589 1427 1.0
1427 813 1.0
1427 589 1.0
1427 1430 1.0
590 1428 1.0
1428 803 1.0
1428 590 1.0
1428 1458 1.0
591 1429 1.0
1429 1382 1.0
1429 591 1.0
1429 1430 1.0
592 1430 1.0
1430 1427 1.0
1430 1429 1.0
1430 592 1.0
593 1285 1.0
594 1307 1.0
595 1393 1.0
596 839 1.0
1431 868 1.0
1431 1384 1.0
1431 634 1.0
597 1432 1.0
1432 839 1.0
1432 1285 1.0
1432 597 1.0
598 1433 1.0
1433 598 1.0
1433 1439 1.0
1433 1440 1.0
1433 1442 1.0
1434 1341 1.0
1434 1385 1.0
1434 1386 1.0
1434 611 1.0
1435 875 1.0
1435 1277 1.0
1435 737 1.0
599 1365 1.0
600 1436 1.0
1436 935 1.0
1436 937 1.0
1436 600 1.0
601 1437 1.0
1437 847 1.0
1437 601 1.0
1437 1440 1.0
602 1438 1.0
1438 602 1.0
1438 1443 1.0
1438 1486 1.0
603 1439 1.0
1439 1433 1.0
1439 603 1.0
1439 1467 1.0
604 847 1.0
605 830 1.0
606 1440 1.0
1440 1433 1.0
1440 1437 1.0
1440 606 1.0
607 1441 1.0
1441 1420 1.0
1441 607 1.0
1441 1467 1.0
608 1442 1.0
1442 830 1.0
1442 1433 1.0
1442 608 1.0
609 1443 1.0
1443 1086 1.0
1443 1096 1.0
1443 1438 1.0
1443 609 1.0
1443 1485 1.0
610 1197 1.0
611 1434 1.0
612 780 1.0
1444 1391 1.0
1444 1445 1.0
1444 613 1.0
1445 1404 1.0
1445 1444 1.0
1445 661 1.0
613 1444 1.0
614 837 1.0
615 993 1.0
1446 1307 1.0
1446 1447 1.0
1446 616 1.0
1447 1446 1.0
1447 1468 1.0
1447 663 1.0
616 1446 1.0
617 1407 1.0
1448 838 1.0
1448 618 1.0
618 1448 1.0
619 1425 1.0
1449 838 1.0
1449 946 1.0
1449 620 1.0
620 1449 1.0
621 1398 1.0
622 1413 1.0
1450 842 1.0
1450 1300 1.0
1450 696 1.0
623 898 1.0
624 900 1.0
625 996 1.0
626 756 1.0
627 1054 1.0
628 755 1.0
629 1451 1.0
1451 755 1.0
1451 629 1.0
1451 1452 1.0
630 1452 1.0
1452 818 1.0
1452 1451 1.0
1452 630 1.0
631 818 1.0
632 1453 1.0
1453 803 1.0
1453 818 1.0
1453 632 1.0
1454 1196 1.0
1454 1247 1.0
1454 675 1.0
1455 1243 1.0
1455 1478 1.0
1455 682 1.0
633 1220 1.0
634 1431 1.0
635 1399 1.0
1456 833 1.0
1456 834 1.0
1456 1090 1.0
1456 692 1.0
1457 1257 1.0
1457 1342 1.0
1457 639 1.0
1457 1462 1.0
636 1382 1.0
637 1458 1.0
1458 1428 1.0
1458 637 1.0
1458 1459 1.0
638 943 1.0
639 1457 1.0
640 1459 1.0
1459 806 1.0
1459 815 1.0
1459 1458 1.0
1459 640 1.0
641 1257 1.0
642 1460 1.0
1460 1023 1.0
1460 642 1.0
1460 1461 1.0
643 1461 1.0
1461 1227 1.0
1461 1460 1.0
1461 643 1.0
644 1462 1.0
1462 1023 1.0
1462 1457 1.0
1462 644 1.0
645 1023 1.0
646 1463 1.0
1463 941 1.0
1463 646 1.0
1463 1465 1.0
647 941 1.0
648 1464 1.0
1464 1302 1.0
1464 1303 1.0
1464 648 1.0
1464 1465 1.0
649 1465 1.0
1465 1463 1.0
1465 1464 1.0
1465 649 1.0
650 835 1.0
651 1466 1.0
1466 900 1.0
1466 1305 1.0
1466 651 1.0
652 1420 1.0
653 946 1.0
654 1467 1.0
1467 830 1.0
1467 1419 1.0
1467 1439 1.0
1467 1441 1.0
1467 654 1.0
655 1419 1.0
656 1376 1.0
657 1058 1.0
658 1404 1.0
659 1337 1.0
1468 825 1.0
1468 1447 1.0
1468 660 1.0
660 1468 1.0
661 1445 1.0
662 824 1.0
663 1447 1.0
664 825 1.0
665 838 1.0
666 1469 1.0
1469 874 1.0
1469 1012 1.0
1469 1264 1.0
1469 666 1.0
667 1470 1.0
1470 770 1.0
1470 667 1.0
668 1471 1.0
1471 770 1.0
1471 668 1.0
1471 1507 1.0
669 1196 1.0
670 958 1.0
671 1472 1.0
1472 671 1.0
1472 1473 1.0
1472 1479 1.0
672 1473 1.0
1473 1094 1.0
1473 1472 1.0
1473 672 1.0
673 841 1.0
674 964 1.0
675 1454 1.0
676 1283 1.0
1474 1132 1.0
1474 710 1.0
1474 1493 1.0
1475 1132 1.0
1475 1225 1.0
1475 712 1.0
677 1476 1.0
1476 677 1.0
1476 1478 1.0
1476 1506 1.0
678 999 1.0
679 1477 1.0
1477 1281 1.0
1477 1394 1.0
1477 679 1.0
680 1478 1.0
1478 1455 1.0
1478 1476 1.0
1478 680 1.0
681 1113 1.0
682 1455 1.0
683 1479 1.0
1479 1090 1.0
1479 1472 1.0
1479 683 1.0
1479 1480 1.0
1479 1489 1.0
1479 1490 1.0
684 1480 1.0
1480 1479 1.0
1480 684 1.0
1480 1481 1.0
685 1481 1.0
1481 1160 1.0
1481 1480 1.0
1481 685 1.0
686 1160 1.0
687 771 1.0
688 1482 1.0
1482 771 1.0
1482 688 1.0
1482 1483 1.0
689 1483 1.0
1483 891 1.0
1483 1482 1.0
1483 689 1.0
690 891 1.0
691 834 1.0
692 1456 1.0
1484 1091 1.0
1484 1485 1.0
1484 750 1.0
1485 1443 1.0
1485 1484 1.0
1485 753 1.0
1486 1438 1.0
1486 1501 1.0
1486 734 1.0
1486 1504 1.0
1487 1089 1.0
1487 1488 1.0
1487 694 1.0
1488 1487 1.0
1488 693 1.0
693 1488 1.0
694 1487 1.0
695 1409 1.0
1489 1409 1.0
1489 1479 1.0
1489 698 1.0
696 1450 1.0
1490 1422 1.0
1490 1479 1.0
1490 697 1.0
697 1490 1.0
698 1489 1.0
699 871 1.0
700 870 1.0
701 1375 1.0
702 1338 1.0
703 1418 1.0
704 880 1.0
705 882 1.0
706 881 1.0
707 1362 1.0
708 1173 1.0
709 1295 1.0
1491 770 1.0
1491 744 1.0
1492 795 1.0
1492 799 1.0
1492 748 1.0
710 1474 1.0
1493 1424 1.0
1493 1474 1.0
1493 713 1.0
711 1228 1.0
1494 1145 1.0
1494 1228 1.0
1494 714 1.0
712 1475 1.0
713 1493 1.0
714 1494 1.0
715 1182 1.0
716 1424 1.0
717 1145 1.0
718 1186 1.0
719 1225 1.0
720 1495 1.0
1495 1321 1.0
1495 720 1.0
1495 1498 1.0
721 1496 1.0
1496 721 1.0
1496 1499 1.0
722 1497 1.0
1497 722 1.0
1497 1499 1.0
723 1498 1.0
1498 1210 1.0
1498 1495 1.0
1498 723 1.0
724 1214 1.0
725 887 1.0
726 1308 1.0
727 1499 1.0
1499 1210 1.0
1499 1214 1.0
1499 1496 1.0
1499 1497 1.0
1499 727 1.0
728 1168 1.0
729 1321 1.0
730 1500 1.0
1500 1350 1.0
1500 730 1.0
1500 1501 1.0
731 1501 1.0
1501 1486 1.0
1501 1500 1.0
1501 731 1.0
732 1502 1.0
1502 732 1.0
1502 1503 1.0
1502 1504 1.0
733 1503 1.0
1503 1229 1.0
1503 1502 1.0
1503 733 1.0
734 1486 1.0
735 1504 1.0
1504 1486 1.0
1504 1502 1.0
1504 735 1.0
736 1035 1.0
737 1435 1.0
738 1505 1.0
1505 1410 1.0
1505 1418 1.0
1505 738 1.0
739 1410 1.0
1506 1251 1.0
1506 1476 1.0
1506 741 1.0
740 1250 1.0
741 1506 1.0
742 1210 1.0
743 1251 1.0
744 1491 1.0
745 890 1.0
746 893 1.0
1507 895 1.0
1507 1471 1.0
1507 747 1.0
747 1507 1.0
748 1492 1.0
749 894 1.0
750 1484 1.0
751 1294 1.0
752 895 1.0
753 1485 1.0
