76
152
0 38 1.0
38 0 1.0
38 52 1.0
1 39 1.0
39 1 1.0
39 48 1.0
2 40 1.0
40 2 1.0
40 48 1.0
3 41 1.0
41 3 1.0
41 48 1.0
4 42 1.0
42 4 1.0
42 55 1.0
5 43 1.0
43 5 1.0
43 55 1.0
6 44 1.0
44 6 1.0
44 48 1.0
7 45 1.0
45 7 1.0
45 57 1.0
8 46 1.0
46 8 1.0
46 56 1.0
9 47 1.0
47 9 1.0
47 56 1.0
10 48 1.0
48 39 1.0
48 40 1.0
48 41 1.0
48 44 1.0
48 10 1.0
48 50 1.0
48 51 1.0
48 52 1.0
48 53 1.0
48 55 1.0
48 58 1.0
48 59 1.0
48 60 1.0
48 61 1.0
11 49 1.0
49 11 1.0
49 68 1.0
12 50 1.0
50 48 1.0
50 12 1.0
13 51 1.0
51 48 1.0
51 13 1.0
52 38 1.0
52 48 1.0
52 58 1.0
52 63 1.0
52 24 1.0
14 53 1.0
53 48 1.0
53 14 1.0
15 54 1.0
54 15 1.0
54 57 1.0
55 42 1.0
55 43 1.0
55 48 1.0
55 62 1.0
55 16 1.0
56 46 1.0
56 47 1.0
56 58 1.0
56 64 1.0
56 18 1.0
56 65 1.0
57 45 1.0
57 54 1.0
57 58 1.0
57 66 1.0
57 68 1.0
57 69 1.0
57 22 1.0
57 70 1.0
57 71 1.0
57 72 1.0
58 48 1.0
58 52 1.0
58 56 1.0
58 57 1.0
58 74 1.0
58 32 1.0
58 75 1.0
59 48 1.0
59 36 1.0
60 48 1.0
60 23 1.0
61 48 1.0
61 31 1.0
62 55 1.0
62 27 1.0
16 55 1.0
17 63 1.0
63 52 1.0
63 17 1.0
64 56 1.0
64 35 1.0
18 56 1.0
65 56 1.0
65 34 1.0
19 66 1.0
66 57 1.0
66 19 1.0
67 68 1.0
67 20 1.0
68 49 1.0
68 57 1.0
68 67 1.0
68 73 1.0
68 33 1.0
20 67 1.0
69 57 1.0
69 21 1.0
21 69 1.0
22 57 1.0
70 57 1.0
70 30 1.0
71 57 1.0
71 26 1.0
72 57 1.0
72 25 1.0
23 60 1.0
24 52 1.0
25 72 1.0
26 71 1.0
27 62 1.0
73 68 1.0
73 28 1.0
28 73 1.0
74 58 1.0
74 29 1.0
29 74 1.0
30 70 1.0
31 61 1.0
32 58 1.0
33 68 1.0
34 65 1.0
35 64 1.0
75 58 1.0
75 37 1.0
36 59 1.0
37 75 1.0
