46
92
0 23 1.0
23 0 1.0
23 36 1.0
1 24 1.0
24 1 1.0
24 35 1.0
2 25 1.0
25 2 1.0
25 36 1.0
3 26 1.0
26 3 1.0
26 36 1.0
4 27 1.0
27 4 1.0
27 37 1.0
5 28 1.0
28 5 1.0
28 37 1.0
6 29 1.0
29 6 1.0
29 34 1.0
7 30 1.0
30 7 1.0
30 34 1.0
8 31 1.0
31 8 1.0
31 39 1.0
9 32 1.0
32 9 1.0
32 38 1.0
10 33 1.0
33 10 1.0
33 36 1.0
11 34 1.0
34 29 1.0
34 30 1.0
34 11 1.0
34 37 1.0
35 24 1.0
35 38 1.0
35 12 1.0
35 43 1.0
36 23 1.0
36 25 1.0
36 26 1.0
36 33 1.0
36 37 1.0
36 38 1.0
36 42 1.0
36 20 1.0
36 45 1.0
37 27 1.0
37 28 1.0
37 34 1.0
37 36 1.0
37 39 1.0
37 40 1.0
37 17 1.0
38 32 1.0
38 35 1.0
38 36 1.0
38 39 1.0
38 13 1.0
38 40 1.0
39 31 1.0
39 37 1.0
39 38 1.0
39 14 1.0
12 35 1.0
13 38 1.0
40 37 1.0
40 38 1.0
40 18 1.0
14 39 1.0
41 42 1.0
41 15 1.0
42 36 1.0
42 41 1.0
42 21 1.0
15 41 1.0
43 35 1.0
43 16 1.0
16 43 1.0
17 37 1.0
18 40 1.0
44 19 1.0
19 44 1.0
20 36 1.0
45 36 1.0
45 22 1.0
21 42 1.0
22 45 1.0
