56
114
0 28 1.0
28 0 1.0
28 41 1.0
1 29 1.0
29 1 1.0
29 42 1.0
2 30 1.0
30 2 1.0
30 35 1.0
30 43 1.0
3 31 1.0
31 3 1.0
4 32 1.0
32 4 1.0
32 41 1.0
5 33 1.0
33 5 1.0
33 43 1.0
6 34 1.0
34 6 1.0
34 43 1.0
7 35 1.0
35 30 1.0
35 7 1.0
8 36 1.0
36 8 1.0
36 43 1.0
9 37 1.0
37 9 1.0
37 39 1.0
10 38 1.0
38 10 1.0
38 44 1.0
11 39 1.0
39 37 1.0
39 11 1.0
39 40 1.0
39 52 1.0
12 40 1.0
40 39 1.0
40 12 1.0
13 41 1.0
41 28 1.0
41 32 1.0
41 13 1.0
41 43 1.0
41 44 1.0
41 45 1.0
41 47 1.0
41 50 1.0
41 54 1.0
41 55 1.0
42 29 1.0
42 50 1.0
42 18 1.0
43 30 1.0
43 33 1.0
43 34 1.0
43 36 1.0
43 41 1.0
43 53 1.0
43 24 1.0
44 38 1.0
44 41 1.0
44 47 1.0
44 50 1.0
44 51 1.0
44 23 1.0
14 45 1.0
45 41 1.0
45 14 1.0
45 48 1.0
46 47 1.0
46 15 1.0
47 41 1.0
47 44 1.0
47 46 1.0
47 53 1.0
47 22 1.0
15 46 1.0
48 45 1.0
48 16 1.0
16 48 1.0
49 17 1.0
49 50 1.0
17 49 1.0
50 41 1.0
50 42 1.0
50 44 1.0
50 49 1.0
50 25 1.0
18 42 1.0
51 44 1.0
51 52 1.0
51 19 1.0
52 39 1.0
52 51 1.0
52 20 1.0
19 51 1.0
20 52 1.0
53 43 1.0
53 47 1.0
53 21 1.0
21 53 1.0
22 47 1.0
23 44 1.0
24 43 1.0
25 50 1.0
54 41 1.0
54 27 1.0
55 41 1.0
55 26 1.0
26 55 1.0
27 54 1.0
