84
176
42 43 1.0
42 44 1.0
42 0 1.0
42 45 1.0
43 42 1.0
43 58 1.0
43 14 1.0
44 42 1.0
44 64 1.0
44 35 1.0
0 42 1.0
45 42 1.0
45 49 1.0
45 50 1.0
45 29 1.0
1 46 1.0
46 1 1.0
46 47 1.0
46 48 1.0
46 54 1.0
46 62 1.0
2 47 1.0
47 46 1.0
47 2 1.0
47 61 1.0
3 48 1.0
48 46 1.0
48 3 1.0
48 78 1.0
4 49 1.0
49 45 1.0
49 4 1.0
49 64 1.0
5 50 1.0
50 45 1.0
50 5 1.0
50 51 1.0
50 56 1.0
6 51 1.0
51 50 1.0
51 6 1.0
51 52 1.0
7 52 1.0
52 51 1.0
52 7 1.0
52 58 1.0
8 53 1.0
53 8 1.0
53 54 1.0
53 55 1.0
9 54 1.0
54 46 1.0
54 53 1.0
54 9 1.0
10 55 1.0
55 53 1.0
55 10 1.0
55 56 1.0
11 56 1.0
56 50 1.0
56 55 1.0
56 11 1.0
12 57 1.0
57 12 1.0
57 69 1.0
13 58 1.0
58 43 1.0
58 52 1.0
58 13 1.0
58 71 1.0
14 43 1.0
15 59 1.0
59 15 1.0
59 70 1.0
16 60 1.0
60 16 1.0
60 78 1.0
60 83 1.0
61 47 1.0
61 76 1.0
61 31 1.0
62 46 1.0
62 17 1.0
62 75 1.0
17 62 1.0
18 63 1.0
63 18 1.0
63 75 1.0
64 44 1.0
64 49 1.0
64 81 1.0
64 36 1.0
65 19 1.0
65 66 1.0
65 67 1.0
19 65 1.0
66 65 1.0
66 73 1.0
66 39 1.0
67 65 1.0
67 70 1.0
67 32 1.0
20 68 1.0
68 20 1.0
68 75 1.0
69 57 1.0
69 21 1.0
69 70 1.0
21 69 1.0
70 59 1.0
70 67 1.0
70 69 1.0
70 27 1.0
70 79 1.0
70 80 1.0
71 58 1.0
71 73 1.0
71 26 1.0
22 72 1.0
72 22 1.0
72 74 1.0
72 75 1.0
73 66 1.0
73 71 1.0
73 23 1.0
23 73 1.0
74 72 1.0
74 83 1.0
74 41 1.0
75 62 1.0
75 63 1.0
75 68 1.0
75 72 1.0
75 82 1.0
75 37 1.0
76 61 1.0
76 77 1.0
76 24 1.0
77 76 1.0
77 78 1.0
77 25 1.0
24 76 1.0
78 48 1.0
78 60 1.0
78 77 1.0
78 40 1.0
25 77 1.0
26 71 1.0
27 70 1.0
79 70 1.0
79 82 1.0
79 34 1.0
80 70 1.0
80 28 1.0
28 80 1.0
29 45 1.0
81 64 1.0
81 30 1.0
30 81 1.0
31 61 1.0
32 67 1.0
82 75 1.0
82 79 1.0
82 33 1.0
33 82 1.0
34 79 1.0
35 44 1.0
36 64 1.0
37 75 1.0
38 83 1.0
83 60 1.0
83 74 1.0
83 38 1.0
39 66 1.0
40 78 1.0
41 74 1.0
