138
286
69 0 1.0
69 70 1.0
0 69 1.0
70 69 1.0
70 73 1.0
70 77 1.0
70 78 1.0
70 81 1.0
70 83 1.0
70 84 1.0
70 85 1.0
70 89 1.0
70 90 1.0
70 91 1.0
70 94 1.0
70 95 1.0
70 96 1.0
70 98 1.0
70 99 1.0
70 102 1.0
70 108 1.0
70 110 1.0
70 117 1.0
70 118 1.0
70 123 1.0
70 125 1.0
70 126 1.0
70 127 1.0
70 129 1.0
70 130 1.0
70 132 1.0
70 134 1.0
70 58 1.0
70 137 1.0
71 1 1.0
71 72 1.0
71 73 1.0
1 71 1.0
72 71 1.0
72 11 1.0
73 70 1.0
73 71 1.0
73 76 1.0
73 79 1.0
73 87 1.0
73 88 1.0
73 25 1.0
2 74 1.0
74 2 1.0
74 137 1.0
3 75 1.0
75 3 1.0
75 85 1.0
4 76 1.0
76 73 1.0
76 4 1.0
5 77 1.0
77 70 1.0
77 5 1.0
6 78 1.0
78 70 1.0
78 6 1.0
7 79 1.0
79 73 1.0
79 7 1.0
80 8 1.0
80 81 1.0
8 80 1.0
81 70 1.0
81 80 1.0
81 40 1.0
9 82 1.0
82 9 1.0
82 103 1.0
82 104 1.0
10 83 1.0
83 70 1.0
83 10 1.0
11 72 1.0
12 84 1.0
84 70 1.0
84 12 1.0
13 85 1.0
85 70 1.0
85 75 1.0
85 13 1.0
85 92 1.0
85 93 1.0
85 105 1.0
85 106 1.0
86 14 1.0
86 87 1.0
14 86 1.0
87 73 1.0
87 86 1.0
87 131 1.0
87 50 1.0
88 73 1.0
88 15 1.0
88 89 1.0
15 88 1.0
89 70 1.0
89 88 1.0
89 56 1.0
90 70 1.0
90 16 1.0
90 91 1.0
16 90 1.0
91 70 1.0
91 90 1.0
91 68 1.0
92 85 1.0
92 17 1.0
17 92 1.0
93 85 1.0
93 18 1.0
18 93 1.0
94 70 1.0
94 19 1.0
19 94 1.0
95 70 1.0
95 20 1.0
20 95 1.0
96 70 1.0
96 21 1.0
96 97 1.0
21 96 1.0
97 96 1.0
97 60 1.0
98 70 1.0
98 22 1.0
98 99 1.0
22 98 1.0
99 70 1.0
99 98 1.0
99 127 1.0
99 57 1.0
100 23 1.0
100 101 1.0
23 100 1.0
101 100 1.0
101 132 1.0
101 133 1.0
101 52 1.0
24 102 1.0
102 70 1.0
102 24 1.0
103 82 1.0
103 28 1.0
104 82 1.0
104 120 1.0
104 38 1.0
25 73 1.0
105 85 1.0
105 118 1.0
105 124 1.0
105 63 1.0
106 85 1.0
106 45 1.0
26 107 1.0
107 26 1.0
107 114 1.0
27 108 1.0
108 70 1.0
108 27 1.0
28 103 1.0
29 109 1.0
109 29 1.0
109 110 1.0
109 112 1.0
30 110 1.0
110 70 1.0
110 109 1.0
110 30 1.0
31 111 1.0
111 31 1.0
111 114 1.0
32 112 1.0
112 109 1.0
112 32 1.0
33 113 1.0
113 33 1.0
113 114 1.0
34 114 1.0
114 107 1.0
114 111 1.0
114 113 1.0
114 34 1.0
114 127 1.0
115 116 1.0
115 35 1.0
115 117 1.0
116 115 1.0
116 118 1.0
116 119 1.0
116 36 1.0
35 115 1.0
117 70 1.0
117 115 1.0
117 42 1.0
118 70 1.0
118 105 1.0
118 116 1.0
118 128 1.0
118 66 1.0
119 116 1.0
119 65 1.0
36 116 1.0
120 104 1.0
120 121 1.0
120 37 1.0
121 120 1.0
121 136 1.0
121 62 1.0
37 120 1.0
38 104 1.0
122 123 1.0
122 39 1.0
123 70 1.0
123 122 1.0
123 135 1.0
123 54 1.0
39 122 1.0
40 81 1.0
124 105 1.0
124 41 1.0
41 124 1.0
42 117 1.0
125 70 1.0
125 43 1.0
43 125 1.0
126 70 1.0
126 44 1.0
44 126 1.0
127 70 1.0
127 99 1.0
127 114 1.0
127 64 1.0
45 106 1.0
46 128 1.0
128 118 1.0
128 46 1.0
47 129 1.0
129 70 1.0
129 47 1.0
48 130 1.0
130 70 1.0
130 48 1.0
49 131 1.0
131 87 1.0
131 49 1.0
50 87 1.0
132 70 1.0
132 101 1.0
132 51 1.0
51 132 1.0
133 101 1.0
133 136 1.0
133 61 1.0
52 101 1.0
134 70 1.0
134 53 1.0
53 134 1.0
135 123 1.0
135 59 1.0
54 123 1.0
136 121 1.0
136 133 1.0
136 55 1.0
55 136 1.0
56 89 1.0
57 99 1.0
58 70 1.0
137 70 1.0
137 74 1.0
137 67 1.0
59 135 1.0
60 97 1.0
61 133 1.0
62 121 1.0
63 105 1.0
64 127 1.0
65 119 1.0
66 118 1.0
67 137 1.0
68 91 1.0
