40
94
0 20 1.0
20 0 1.0
20 30 1.0
1 21 1.0
21 1 1.0
21 22 1.0
2 22 1.0
22 21 1.0
22 2 1.0
22 23 1.0
22 24 1.0
22 26 1.0
22 27 1.0
22 28 1.0
22 29 1.0
22 30 1.0
22 31 1.0
22 32 1.0
22 33 1.0
22 34 1.0
22 35 1.0
22 36 1.0
22 37 1.0
22 38 1.0
22 39 1.0
3 23 1.0
23 22 1.0
23 3 1.0
4 24 1.0
24 22 1.0
24 4 1.0
5 25 1.0
25 5 1.0
25 28 1.0
6 26 1.0
26 22 1.0
26 6 1.0
7 27 1.0
27 22 1.0
27 7 1.0
27 28 1.0
8 28 1.0
28 22 1.0
28 25 1.0
28 27 1.0
28 8 1.0
28 30 1.0
28 35 1.0
28 36 1.0
28 37 1.0
28 38 1.0
28 39 1.0
9 29 1.0
29 22 1.0
29 9 1.0
29 30 1.0
30 20 1.0
30 22 1.0
30 28 1.0
30 29 1.0
30 16 1.0
31 22 1.0
31 19 1.0
32 22 1.0
32 13 1.0
33 22 1.0
33 18 1.0
34 22 1.0
34 12 1.0
35 22 1.0
35 28 1.0
35 17 1.0
36 22 1.0
36 28 1.0
36 15 1.0
37 22 1.0
37 28 1.0
37 10 1.0
38 22 1.0
38 28 1.0
38 14 1.0
39 22 1.0
39 28 1.0
39 11 1.0
10 37 1.0
11 39 1.0
12 34 1.0
13 32 1.0
14 38 1.0
15 36 1.0
16 30 1.0
17 35 1.0
18 33 1.0
19 31 1.0
