134
300
67 0 1.0
67 68 1.0
0 67 1.0
68 67 1.0
68 69 1.0
68 1 1.0
68 70 1.0
69 68 1.0
69 110 1.0
69 126 1.0
69 128 1.0
69 52 1.0
1 68 1.0
70 68 1.0
70 74 1.0
70 77 1.0
70 11 1.0
70 81 1.0
70 82 1.0
2 71 1.0
71 2 1.0
71 101 1.0
71 114 1.0
3 72 1.0
72 3 1.0
72 93 1.0
72 102 1.0
4 73 1.0
73 4 1.0
73 92 1.0
73 96 1.0
5 74 1.0
74 70 1.0
74 5 1.0
74 112 1.0
74 113 1.0
6 75 1.0
75 6 1.0
75 76 1.0
75 79 1.0
75 100 1.0
7 76 1.0
76 75 1.0
76 7 1.0
76 105 1.0
77 70 1.0
77 8 1.0
77 78 1.0
8 77 1.0
78 77 1.0
78 13 1.0
78 90 1.0
9 79 1.0
79 75 1.0
79 9 1.0
79 100 1.0
79 105 1.0
79 106 1.0
10 80 1.0
80 10 1.0
80 103 1.0
80 104 1.0
11 70 1.0
81 70 1.0
81 90 1.0
81 119 1.0
81 37 1.0
82 70 1.0
82 110 1.0
82 38 1.0
12 83 1.0
83 12 1.0
83 97 1.0
83 108 1.0
83 109 1.0
13 78 1.0
84 85 1.0
84 14 1.0
84 86 1.0
85 84 1.0
85 88 1.0
85 94 1.0
85 30 1.0
14 84 1.0
86 84 1.0
86 88 1.0
86 95 1.0
86 98 1.0
86 45 1.0
86 125 1.0
87 88 1.0
87 89 1.0
87 15 1.0
88 85 1.0
88 86 1.0
88 87 1.0
88 23 1.0
89 87 1.0
89 99 1.0
89 26 1.0
89 110 1.0
15 87 1.0
90 78 1.0
90 81 1.0
90 16 1.0
90 91 1.0
16 90 1.0
91 90 1.0
91 119 1.0
91 59 1.0
92 73 1.0
92 17 1.0
92 93 1.0
17 92 1.0
93 72 1.0
93 92 1.0
93 18 1.0
93 94 1.0
18 93 1.0
94 85 1.0
94 93 1.0
94 111 1.0
94 32 1.0
95 86 1.0
95 19 1.0
19 95 1.0
96 73 1.0
96 97 1.0
96 20 1.0
97 83 1.0
97 96 1.0
97 21 1.0
20 96 1.0
21 97 1.0
98 86 1.0
98 22 1.0
98 99 1.0
22 98 1.0
99 89 1.0
99 98 1.0
99 27 1.0
23 88 1.0
100 75 1.0
100 79 1.0
100 107 1.0
100 118 1.0
100 58 1.0
24 101 1.0
101 71 1.0
101 24 1.0
101 121 1.0
102 72 1.0
102 114 1.0
102 34 1.0
103 80 1.0
103 130 1.0
103 61 1.0
104 80 1.0
104 107 1.0
104 49 1.0
105 76 1.0
105 79 1.0
105 119 1.0
105 122 1.0
105 56 1.0
106 79 1.0
106 107 1.0
106 108 1.0
106 120 1.0
106 39 1.0
107 100 1.0
107 104 1.0
107 106 1.0
107 25 1.0
25 107 1.0
108 83 1.0
108 106 1.0
108 40 1.0
108 121 1.0
109 83 1.0
109 28 1.0
109 111 1.0
109 123 1.0
26 89 1.0
27 99 1.0
28 109 1.0
29 110 1.0
110 69 1.0
110 82 1.0
110 89 1.0
110 29 1.0
110 123 1.0
110 124 1.0
30 85 1.0
31 111 1.0
111 94 1.0
111 109 1.0
111 31 1.0
32 94 1.0
112 74 1.0
112 124 1.0
112 128 1.0
112 54 1.0
113 74 1.0
113 43 1.0
114 71 1.0
114 102 1.0
114 33 1.0
33 114 1.0
34 102 1.0
115 116 1.0
115 35 1.0
116 115 1.0
116 117 1.0
116 122 1.0
116 41 1.0
35 115 1.0
117 116 1.0
117 36 1.0
117 118 1.0
36 117 1.0
118 100 1.0
118 117 1.0
118 44 1.0
118 132 1.0
119 81 1.0
119 91 1.0
119 105 1.0
119 42 1.0
37 81 1.0
38 82 1.0
120 106 1.0
120 127 1.0
120 50 1.0
39 106 1.0
40 108 1.0
121 101 1.0
121 108 1.0
121 65 1.0
122 105 1.0
122 116 1.0
122 60 1.0
41 116 1.0
42 119 1.0
123 109 1.0
123 110 1.0
123 47 1.0
124 110 1.0
124 112 1.0
124 128 1.0
124 55 1.0
43 113 1.0
44 118 1.0
45 86 1.0
46 125 1.0
125 86 1.0
125 46 1.0
47 123 1.0
48 126 1.0
126 69 1.0
126 48 1.0
49 104 1.0
127 120 1.0
127 129 1.0
127 53 1.0
50 120 1.0
128 69 1.0
128 112 1.0
128 124 1.0
128 51 1.0
51 128 1.0
52 69 1.0
129 127 1.0
129 130 1.0
129 131 1.0
129 57 1.0
53 127 1.0
54 112 1.0
55 124 1.0
56 105 1.0
130 103 1.0
130 129 1.0
130 63 1.0
131 129 1.0
131 64 1.0
57 129 1.0
58 100 1.0
132 118 1.0
132 62 1.0
132 133 1.0
59 91 1.0
60 122 1.0
61 103 1.0
62 132 1.0
63 130 1.0
64 131 1.0
65 121 1.0
133 132 1.0
133 66 1.0
66 133 1.0
