26
60
0 13 1.0
13 0 1.0
13 14 1.0
13 22 1.0
13 23 1.0
13 24 1.0
1 14 1.0
14 13 1.0
14 1 1.0
14 22 1.0
2 15 1.0
15 2 1.0
15 21 1.0
3 16 1.0
16 3 1.0
16 22 1.0
4 17 1.0
17 4 1.0
17 21 1.0
5 18 1.0
18 5 1.0
18 21 1.0
6 19 1.0
19 6 1.0
19 22 1.0
7 20 1.0
20 7 1.0
20 22 1.0
8 21 1.0
21 15 1.0
21 17 1.0
21 18 1.0
21 8 1.0
21 23 1.0
21 24 1.0
9 22 1.0
22 13 1.0
22 14 1.0
22 16 1.0
22 19 1.0
22 20 1.0
22 9 1.0
22 23 1.0
22 24 1.0
23 13 1.0
23 21 1.0
23 22 1.0
23 25 1.0
23 12 1.0
24 13 1.0
24 21 1.0
24 22 1.0
24 25 1.0
24 11 1.0
25 23 1.0
25 24 1.0
25 10 1.0
10 25 1.0
11 24 1.0
12 23 1.0
