34
72
0 17 1.0
17 0 1.0
17 19 1.0
17 29 1.0
1 18 1.0
18 1 1.0
18 27 1.0
18 28 1.0
2 19 1.0
19 17 1.0
19 2 1.0
19 20 1.0
19 30 1.0
3 20 1.0
20 19 1.0
20 3 1.0
20 21 1.0
4 21 1.0
21 20 1.0
21 4 1.0
21 22 1.0
5 22 1.0
22 21 1.0
22 5 1.0
22 31 1.0
6 23 1.0
23 6 1.0
23 26 1.0
23 31 1.0
7 24 1.0
24 7 1.0
24 27 1.0
24 29 1.0
8 25 1.0
25 8 1.0
25 29 1.0
25 30 1.0
9 26 1.0
26 23 1.0
26 9 1.0
26 32 1.0
27 18 1.0
27 24 1.0
27 33 1.0
27 13 1.0
28 18 1.0
28 33 1.0
28 15 1.0
29 17 1.0
29 24 1.0
29 25 1.0
29 12 1.0
30 19 1.0
30 25 1.0
30 32 1.0
30 10 1.0
31 22 1.0
31 23 1.0
31 16 1.0
32 26 1.0
32 30 1.0
32 11 1.0
10 30 1.0
11 32 1.0
12 29 1.0
33 27 1.0
33 28 1.0
33 14 1.0
13 27 1.0
14 33 1.0
15 28 1.0
16 31 1.0
