72
154
0 36 1.0
36 0 1.0
36 37 1.0
36 46 1.0
1 37 1.0
37 36 1.0
37 1 1.0
37 49 1.0
2 38 1.0
38 2 1.0
38 54 1.0
3 39 1.0
39 3 1.0
39 45 1.0
4 40 1.0
40 4 1.0
40 41 1.0
5 41 1.0
41 40 1.0
41 5 1.0
41 42 1.0
41 44 1.0
41 52 1.0
6 42 1.0
42 41 1.0
42 6 1.0
7 43 1.0
43 7 1.0
43 44 1.0
8 44 1.0
44 41 1.0
44 43 1.0
44 8 1.0
44 52 1.0
44 53 1.0
9 45 1.0
45 39 1.0
45 9 1.0
45 46 1.0
45 52 1.0
10 46 1.0
46 36 1.0
46 45 1.0
46 10 1.0
11 47 1.0
47 11 1.0
47 48 1.0
47 52 1.0
47 60 1.0
47 63 1.0
47 67 1.0
12 48 1.0
48 47 1.0
48 12 1.0
13 49 1.0
49 37 1.0
49 13 1.0
49 52 1.0
14 50 1.0
50 14 1.0
50 52 1.0
15 51 1.0
51 15 1.0
51 52 1.0
52 41 1.0
52 44 1.0
52 45 1.0
52 47 1.0
52 49 1.0
52 50 1.0
52 51 1.0
52 54 1.0
52 57 1.0
52 58 1.0
52 60 1.0
52 65 1.0
52 30 1.0
52 69 1.0
52 70 1.0
53 44 1.0
53 56 1.0
53 20 1.0
53 59 1.0
54 38 1.0
54 52 1.0
54 55 1.0
54 16 1.0
55 54 1.0
55 65 1.0
55 68 1.0
55 34 1.0
16 54 1.0
17 56 1.0
56 53 1.0
56 17 1.0
57 52 1.0
57 18 1.0
18 57 1.0
19 58 1.0
58 52 1.0
58 19 1.0
20 53 1.0
59 53 1.0
59 21 1.0
59 60 1.0
21 59 1.0
60 47 1.0
60 52 1.0
60 59 1.0
60 33 1.0
60 71 1.0
61 22 1.0
61 62 1.0
61 63 1.0
22 61 1.0
62 61 1.0
62 68 1.0
62 29 1.0
63 47 1.0
63 61 1.0
63 27 1.0
64 65 1.0
64 23 1.0
65 52 1.0
65 55 1.0
65 64 1.0
65 24 1.0
65 66 1.0
23 64 1.0
24 65 1.0
66 65 1.0
66 25 1.0
25 66 1.0
67 47 1.0
67 26 1.0
26 67 1.0
27 63 1.0
68 55 1.0
68 62 1.0
68 28 1.0
28 68 1.0
29 62 1.0
30 52 1.0
31 69 1.0
69 52 1.0
69 31 1.0
32 70 1.0
70 52 1.0
70 32 1.0
33 60 1.0
71 60 1.0
71 35 1.0
34 55 1.0
35 71 1.0
