96
212
48 49 1.0
48 50 1.0
48 51 1.0
48 52 1.0
48 0 1.0
49 48 1.0
49 1 1.0
49 53 1.0
49 54 1.0
50 48 1.0
50 27 1.0
50 84 1.0
51 48 1.0
51 69 1.0
51 26 1.0
51 85 1.0
52 48 1.0
52 54 1.0
52 60 1.0
52 61 1.0
52 8 1.0
0 48 1.0
1 49 1.0
53 49 1.0
53 56 1.0
53 4 1.0
53 57 1.0
53 68 1.0
54 49 1.0
54 52 1.0
54 11 1.0
54 64 1.0
2 55 1.0
55 2 1.0
55 61 1.0
55 80 1.0
3 56 1.0
56 53 1.0
56 3 1.0
56 69 1.0
4 53 1.0
5 57 1.0
57 53 1.0
57 5 1.0
57 62 1.0
6 58 1.0
58 6 1.0
58 63 1.0
58 65 1.0
58 66 1.0
7 59 1.0
59 7 1.0
59 66 1.0
59 70 1.0
60 52 1.0
60 73 1.0
60 18 1.0
60 80 1.0
61 52 1.0
61 55 1.0
61 64 1.0
61 94 1.0
61 45 1.0
8 52 1.0
9 62 1.0
62 57 1.0
62 9 1.0
62 66 1.0
10 63 1.0
63 58 1.0
63 10 1.0
11 54 1.0
64 54 1.0
64 61 1.0
64 46 1.0
65 58 1.0
65 87 1.0
65 88 1.0
65 90 1.0
65 34 1.0
66 58 1.0
66 59 1.0
66 62 1.0
66 13 1.0
12 67 1.0
67 12 1.0
67 81 1.0
67 85 1.0
68 53 1.0
68 84 1.0
68 29 1.0
69 51 1.0
69 56 1.0
69 85 1.0
69 31 1.0
13 66 1.0
70 59 1.0
70 37 1.0
71 14 1.0
71 72 1.0
71 73 1.0
14 71 1.0
72 71 1.0
72 74 1.0
72 77 1.0
72 20 1.0
73 60 1.0
73 71 1.0
73 74 1.0
73 19 1.0
73 81 1.0
74 72 1.0
74 73 1.0
74 15 1.0
15 74 1.0
75 76 1.0
75 77 1.0
75 16 1.0
75 78 1.0
76 75 1.0
76 17 1.0
76 79 1.0
77 72 1.0
77 75 1.0
77 21 1.0
77 82 1.0
16 75 1.0
78 75 1.0
78 82 1.0
78 23 1.0
17 76 1.0
79 76 1.0
79 93 1.0
79 41 1.0
18 60 1.0
80 55 1.0
80 60 1.0
80 44 1.0
19 73 1.0
81 67 1.0
81 73 1.0
81 24 1.0
81 83 1.0
20 72 1.0
21 77 1.0
82 77 1.0
82 78 1.0
82 22 1.0
22 82 1.0
23 78 1.0
24 81 1.0
25 83 1.0
83 81 1.0
83 25 1.0
83 85 1.0
83 92 1.0
26 51 1.0
27 50 1.0
28 84 1.0
84 50 1.0
84 68 1.0
84 28 1.0
29 68 1.0
85 51 1.0
85 67 1.0
85 69 1.0
85 83 1.0
85 30 1.0
30 85 1.0
31 69 1.0
86 87 1.0
86 32 1.0
87 65 1.0
87 86 1.0
87 35 1.0
32 86 1.0
88 65 1.0
88 89 1.0
88 90 1.0
88 33 1.0
89 88 1.0
89 91 1.0
89 36 1.0
90 65 1.0
90 88 1.0
90 47 1.0
33 88 1.0
34 65 1.0
35 87 1.0
91 89 1.0
91 92 1.0
91 39 1.0
36 89 1.0
37 70 1.0
92 83 1.0
92 91 1.0
92 38 1.0
38 92 1.0
39 91 1.0
40 93 1.0
93 79 1.0
93 40 1.0
41 79 1.0
94 61 1.0
94 42 1.0
42 94 1.0
43 95 1.0
95 43 1.0
44 80 1.0
45 61 1.0
46 64 1.0
47 90 1.0
