186
392
93 94 1.0
93 0 1.0
94 93 1.0
94 121 1.0
94 63 1.0
0 93 1.0
95 96 1.0
95 1 1.0
96 95 1.0
96 64 1.0
1 95 1.0
2 97 1.0
97 2 1.0
97 134 1.0
97 173 1.0
97 185 1.0
3 98 1.0
98 3 1.0
98 119 1.0
98 120 1.0
4 99 1.0
99 4 1.0
99 100 1.0
99 101 1.0
99 127 1.0
5 100 1.0
100 99 1.0
100 5 1.0
6 101 1.0
101 99 1.0
101 6 1.0
101 125 1.0
101 133 1.0
7 102 1.0
102 7 1.0
102 112 1.0
102 125 1.0
103 8 1.0
103 104 1.0
103 105 1.0
8 103 1.0
104 103 1.0
104 111 1.0
104 150 1.0
104 61 1.0
105 103 1.0
105 108 1.0
105 109 1.0
105 11 1.0
105 110 1.0
105 111 1.0
9 106 1.0
106 9 1.0
106 115 1.0
106 137 1.0
106 138 1.0
10 107 1.0
107 10 1.0
107 135 1.0
107 136 1.0
108 105 1.0
108 12 1.0
108 133 1.0
109 105 1.0
109 132 1.0
109 52 1.0
109 163 1.0
11 105 1.0
110 105 1.0
110 36 1.0
110 145 1.0
111 104 1.0
111 105 1.0
111 62 1.0
12 108 1.0
13 112 1.0
112 102 1.0
112 13 1.0
113 114 1.0
113 115 1.0
113 14 1.0
113 116 1.0
113 117 1.0
113 118 1.0
113 119 1.0
113 120 1.0
114 113 1.0
114 84 1.0
115 106 1.0
115 113 1.0
115 22 1.0
14 113 1.0
116 113 1.0
116 137 1.0
116 143 1.0
116 83 1.0
117 113 1.0
117 128 1.0
117 28 1.0
118 113 1.0
118 128 1.0
118 34 1.0
118 149 1.0
119 98 1.0
119 113 1.0
119 46 1.0
120 98 1.0
120 113 1.0
120 121 1.0
120 125 1.0
120 23 1.0
121 94 1.0
121 120 1.0
121 15 1.0
121 122 1.0
121 123 1.0
121 124 1.0
121 125 1.0
15 121 1.0
122 121 1.0
122 51 1.0
123 121 1.0
123 134 1.0
123 184 1.0
123 91 1.0
124 121 1.0
124 48 1.0
125 101 1.0
125 102 1.0
125 120 1.0
125 121 1.0
125 16 1.0
125 126 1.0
125 127 1.0
16 125 1.0
126 125 1.0
126 162 1.0
126 164 1.0
126 53 1.0
127 99 1.0
127 125 1.0
127 131 1.0
127 20 1.0
127 132 1.0
128 117 1.0
128 118 1.0
128 17 1.0
17 128 1.0
129 18 1.0
129 130 1.0
18 129 1.0
130 129 1.0
130 38 1.0
131 127 1.0
131 19 1.0
19 131 1.0
20 127 1.0
132 109 1.0
132 127 1.0
132 163 1.0
132 54 1.0
133 101 1.0
133 108 1.0
133 21 1.0
21 133 1.0
22 115 1.0
23 120 1.0
24 134 1.0
134 97 1.0
134 123 1.0
134 24 1.0
135 107 1.0
135 142 1.0
135 147 1.0
135 158 1.0
135 174 1.0
135 179 1.0
135 182 1.0
135 86 1.0
136 107 1.0
136 33 1.0
136 168 1.0
137 106 1.0
137 116 1.0
137 139 1.0
137 25 1.0
138 106 1.0
138 31 1.0
139 137 1.0
139 29 1.0
25 137 1.0
26 140 1.0
140 26 1.0
140 152 1.0
27 141 1.0
141 27 1.0
141 168 1.0
28 117 1.0
29 139 1.0
30 142 1.0
142 135 1.0
142 30 1.0
142 168 1.0
31 138 1.0
32 143 1.0
143 116 1.0
143 32 1.0
143 168 1.0
33 136 1.0
34 118 1.0
35 144 1.0
144 35 1.0
144 168 1.0
36 110 1.0
145 110 1.0
145 151 1.0
145 155 1.0
145 160 1.0
145 65 1.0
146 147 1.0
146 37 1.0
146 148 1.0
147 135 1.0
147 146 1.0
147 85 1.0
37 146 1.0
148 146 1.0
148 157 1.0
148 158 1.0
148 44 1.0
38 130 1.0
149 118 1.0
149 39 1.0
39 149 1.0
150 104 1.0
150 40 1.0
150 151 1.0
40 150 1.0
151 145 1.0
151 150 1.0
151 43 1.0
152 140 1.0
152 41 1.0
152 153 1.0
41 152 1.0
153 152 1.0
153 49 1.0
154 155 1.0
154 156 1.0
154 42 1.0
155 145 1.0
155 154 1.0
155 66 1.0
156 154 1.0
156 159 1.0
156 166 1.0
156 167 1.0
156 58 1.0
42 154 1.0
43 151 1.0
157 148 1.0
157 181 1.0
157 79 1.0
158 135 1.0
158 148 1.0
158 161 1.0
158 47 1.0
44 148 1.0
159 156 1.0
159 45 1.0
159 160 1.0
45 159 1.0
160 145 1.0
160 159 1.0
160 67 1.0
46 119 1.0
161 158 1.0
161 77 1.0
47 158 1.0
48 124 1.0
49 153 1.0
162 126 1.0
162 50 1.0
50 162 1.0
51 122 1.0
52 109 1.0
163 109 1.0
163 132 1.0
163 55 1.0
164 126 1.0
164 78 1.0
53 126 1.0
54 132 1.0
55 163 1.0
165 166 1.0
165 167 1.0
165 56 1.0
166 156 1.0
166 165 1.0
166 171 1.0
166 176 1.0
166 72 1.0
167 156 1.0
167 165 1.0
167 57 1.0
56 165 1.0
57 167 1.0
58 156 1.0
168 136 1.0
168 141 1.0
168 142 1.0
168 143 1.0
168 144 1.0
168 81 1.0
59 169 1.0
169 59 1.0
60 170 1.0
170 60 1.0
61 104 1.0
62 111 1.0
63 94 1.0
64 96 1.0
65 145 1.0
66 155 1.0
67 160 1.0
171 166 1.0
171 172 1.0
171 68 1.0
172 171 1.0
172 173 1.0
172 69 1.0
68 171 1.0
173 97 1.0
173 172 1.0
173 183 1.0
173 90 1.0
69 172 1.0
174 135 1.0
174 175 1.0
174 70 1.0
174 176 1.0
175 174 1.0
175 177 1.0
175 74 1.0
70 174 1.0
176 166 1.0
176 174 1.0
176 71 1.0
71 176 1.0
72 166 1.0
177 175 1.0
177 178 1.0
177 73 1.0
178 177 1.0
178 88 1.0
178 185 1.0
73 177 1.0
74 175 1.0
179 135 1.0
179 75 1.0
75 179 1.0
180 76 1.0
76 180 1.0
77 161 1.0
78 164 1.0
181 157 1.0
181 80 1.0
79 157 1.0
80 181 1.0
81 168 1.0
182 135 1.0
182 82 1.0
82 182 1.0
83 116 1.0
84 114 1.0
85 147 1.0
86 135 1.0
183 173 1.0
183 184 1.0
183 87 1.0
184 123 1.0
184 183 1.0
184 92 1.0
87 183 1.0
88 178 1.0
89 185 1.0
185 97 1.0
185 178 1.0
185 89 1.0
90 173 1.0
91 123 1.0
92 184 1.0
