40
92
0 20 1.0
20 0 1.0
20 21 1.0
20 29 1.0
1 21 1.0
21 20 1.0
21 1 1.0
21 27 1.0
2 22 1.0
22 2 1.0
22 23 1.0
22 30 1.0
3 23 1.0
23 22 1.0
23 3 1.0
23 24 1.0
4 24 1.0
24 23 1.0
24 4 1.0
24 26 1.0
24 30 1.0
5 25 1.0
25 5 1.0
25 27 1.0
25 30 1.0
6 26 1.0
26 24 1.0
26 6 1.0
26 28 1.0
7 27 1.0
27 21 1.0
27 25 1.0
27 7 1.0
8 28 1.0
28 26 1.0
28 8 1.0
28 29 1.0
9 29 1.0
29 20 1.0
29 28 1.0
29 9 1.0
30 22 1.0
30 24 1.0
30 25 1.0
30 34 1.0
30 38 1.0
30 14 1.0
31 32 1.0
31 33 1.0
31 34 1.0
31 10 1.0
32 31 1.0
32 34 1.0
32 15 1.0
33 31 1.0
33 34 1.0
33 37 1.0
33 16 1.0
33 39 1.0
34 30 1.0
34 31 1.0
34 32 1.0
34 33 1.0
34 11 1.0
10 31 1.0
11 34 1.0
35 36 1.0
35 12 1.0
35 37 1.0
36 35 1.0
36 38 1.0
36 39 1.0
36 19 1.0
12 35 1.0
37 33 1.0
37 35 1.0
37 13 1.0
13 37 1.0
38 30 1.0
38 36 1.0
38 39 1.0
38 18 1.0
14 30 1.0
15 32 1.0
16 33 1.0
39 33 1.0
39 36 1.0
39 38 1.0
39 17 1.0
17 39 1.0
18 38 1.0
19 36 1.0
