60
222
0 30 1.0
30 0 1.0
30 33 1.0
30 34 1.0
30 36 1.0
30 38 1.0
30 40 1.0
30 41 1.0
30 43 1.0
30 49 1.0
30 50 1.0
30 51 1.0
30 58 1.0
30 59 1.0
1 31 1.0
31 1 1.0
31 33 1.0
31 34 1.0
31 35 1.0
31 36 1.0
31 37 1.0
31 38 1.0
31 42 1.0
31 44 1.0
31 46 1.0
31 47 1.0
31 51 1.0
31 53 1.0
31 56 1.0
2 32 1.0
32 2 1.0
32 33 1.0
32 35 1.0
32 37 1.0
32 39 1.0
32 42 1.0
32 47 1.0
32 51 1.0
32 55 1.0
3 33 1.0
33 30 1.0
33 31 1.0
33 32 1.0
33 3 1.0
33 34 1.0
33 40 1.0
33 46 1.0
33 54 1.0
33 59 1.0
4 34 1.0
34 30 1.0
34 31 1.0
34 33 1.0
34 4 1.0
34 35 1.0
34 36 1.0
34 38 1.0
34 39 1.0
34 42 1.0
5 35 1.0
35 31 1.0
35 32 1.0
35 34 1.0
35 5 1.0
35 39 1.0
35 55 1.0
6 36 1.0
36 30 1.0
36 31 1.0
36 34 1.0
36 6 1.0
36 37 1.0
36 44 1.0
36 45 1.0
36 48 1.0
36 50 1.0
36 53 1.0
7 37 1.0
37 31 1.0
37 32 1.0
37 36 1.0
37 7 1.0
37 40 1.0
37 41 1.0
37 43 1.0
37 44 1.0
37 47 1.0
37 48 1.0
37 55 1.0
8 38 1.0
38 30 1.0
38 31 1.0
38 34 1.0
38 8 1.0
38 45 1.0
38 49 1.0
38 52 1.0
38 54 1.0
38 57 1.0
9 39 1.0
39 32 1.0
39 34 1.0
39 35 1.0
39 9 1.0
39 41 1.0
39 43 1.0
39 49 1.0
10 40 1.0
40 30 1.0
40 33 1.0
40 37 1.0
40 10 1.0
11 41 1.0
41 30 1.0
41 37 1.0
41 39 1.0
41 11 1.0
41 46 1.0
12 42 1.0
42 31 1.0
42 32 1.0
42 34 1.0
42 12 1.0
42 45 1.0
42 53 1.0
13 43 1.0
43 30 1.0
43 37 1.0
43 39 1.0
43 13 1.0
43 57 1.0
14 44 1.0
44 31 1.0
44 36 1.0
44 37 1.0
44 14 1.0
44 48 1.0
44 57 1.0
44 58 1.0
44 59 1.0
15 45 1.0
45 36 1.0
45 38 1.0
45 42 1.0
45 15 1.0
16 46 1.0
46 31 1.0
46 33 1.0
46 41 1.0
46 16 1.0
17 47 1.0
47 31 1.0
47 32 1.0
47 37 1.0
47 17 1.0
18 48 1.0
48 36 1.0
48 37 1.0
48 44 1.0
48 18 1.0
48 56 1.0
19 49 1.0
49 30 1.0
49 38 1.0
49 39 1.0
49 19 1.0
49 50 1.0
49 52 1.0
49 54 1.0
20 50 1.0
50 30 1.0
50 36 1.0
50 49 1.0
50 20 1.0
21 51 1.0
51 30 1.0
51 31 1.0
51 32 1.0
51 21 1.0
51 52 1.0
22 52 1.0
52 38 1.0
52 49 1.0
52 51 1.0
52 22 1.0
23 53 1.0
53 31 1.0
53 36 1.0
53 42 1.0
53 23 1.0
24 54 1.0
54 33 1.0
54 38 1.0
54 49 1.0
54 24 1.0
54 56 1.0
54 58 1.0
25 55 1.0
55 32 1.0
55 35 1.0
55 37 1.0
55 25 1.0
26 56 1.0
56 31 1.0
56 48 1.0
56 54 1.0
56 26 1.0
27 57 1.0
57 38 1.0
57 43 1.0
57 44 1.0
57 27 1.0
28 58 1.0
58 30 1.0
58 44 1.0
58 54 1.0
58 28 1.0
29 59 1.0
59 30 1.0
59 33 1.0
59 44 1.0
59 29 1.0
