42
96
0 21 1.0
21 0 1.0
21 22 1.0
21 32 1.0
1 22 1.0
22 21 1.0
22 1 1.0
22 31 1.0
2 23 1.0
23 2 1.0
23 26 1.0
23 33 1.0
23 34 1.0
3 24 1.0
24 3 1.0
24 26 1.0
24 29 1.0
4 25 1.0
25 4 1.0
25 34 1.0
25 35 1.0
5 26 1.0
26 23 1.0
26 24 1.0
26 5 1.0
26 27 1.0
26 29 1.0
6 27 1.0
27 26 1.0
27 6 1.0
27 28 1.0
7 28 1.0
28 27 1.0
28 7 1.0
28 29 1.0
28 30 1.0
8 29 1.0
29 24 1.0
29 26 1.0
29 28 1.0
29 8 1.0
9 30 1.0
30 28 1.0
30 9 1.0
31 22 1.0
31 38 1.0
31 40 1.0
31 41 1.0
31 16 1.0
32 21 1.0
32 37 1.0
32 39 1.0
32 40 1.0
32 20 1.0
33 23 1.0
33 37 1.0
33 14 1.0
34 23 1.0
34 25 1.0
34 10 1.0
34 36 1.0
35 25 1.0
35 36 1.0
35 18 1.0
10 34 1.0
36 34 1.0
36 35 1.0
36 37 1.0
36 38 1.0
36 11 1.0
37 32 1.0
37 33 1.0
37 36 1.0
37 39 1.0
37 15 1.0
38 31 1.0
38 36 1.0
38 12 1.0
11 36 1.0
12 38 1.0
39 32 1.0
39 37 1.0
39 13 1.0
13 39 1.0
14 33 1.0
15 37 1.0
40 31 1.0
40 32 1.0
40 19 1.0
41 31 1.0
41 17 1.0
16 31 1.0
17 41 1.0
18 35 1.0
19 40 1.0
20 32 1.0
