90
218
45 46 1.0
45 47 1.0
45 0 1.0
45 48 1.0
46 45 1.0
46 70 1.0
46 14 1.0
46 74 1.0
47 45 1.0
47 77 1.0
47 24 1.0
0 45 1.0
48 45 1.0
48 51 1.0
48 25 1.0
48 80 1.0
49 50 1.0
49 51 1.0
49 1 1.0
50 49 1.0
50 51 1.0
50 55 1.0
50 56 1.0
50 5 1.0
50 57 1.0
51 48 1.0
51 49 1.0
51 50 1.0
51 26 1.0
1 49 1.0
2 52 1.0
52 2 1.0
52 63 1.0
52 66 1.0
52 87 1.0
52 88 1.0
3 53 1.0
53 3 1.0
53 54 1.0
53 62 1.0
4 54 1.0
54 53 1.0
54 4 1.0
54 58 1.0
54 64 1.0
54 65 1.0
55 50 1.0
55 56 1.0
55 22 1.0
56 50 1.0
56 55 1.0
56 59 1.0
56 21 1.0
5 50 1.0
57 50 1.0
57 60 1.0
57 8 1.0
57 61 1.0
6 58 1.0
58 54 1.0
58 6 1.0
58 59 1.0
58 64 1.0
7 59 1.0
59 56 1.0
59 58 1.0
59 7 1.0
60 57 1.0
60 78 1.0
60 27 1.0
8 57 1.0
61 57 1.0
61 78 1.0
61 31 1.0
61 84 1.0
62 53 1.0
62 65 1.0
62 69 1.0
62 76 1.0
62 29 1.0
9 63 1.0
63 52 1.0
63 9 1.0
63 69 1.0
63 72 1.0
63 88 1.0
64 54 1.0
64 58 1.0
64 10 1.0
10 64 1.0
65 54 1.0
65 62 1.0
65 71 1.0
65 77 1.0
65 32 1.0
66 52 1.0
66 11 1.0
66 67 1.0
11 66 1.0
67 66 1.0
67 68 1.0
67 12 1.0
67 69 1.0
68 67 1.0
68 70 1.0
68 16 1.0
12 67 1.0
69 62 1.0
69 63 1.0
69 67 1.0
69 75 1.0
69 17 1.0
70 46 1.0
70 68 1.0
70 71 1.0
70 13 1.0
70 72 1.0
70 73 1.0
71 65 1.0
71 70 1.0
71 75 1.0
71 76 1.0
71 20 1.0
71 77 1.0
13 70 1.0
72 63 1.0
72 70 1.0
72 73 1.0
72 85 1.0
72 41 1.0
73 70 1.0
73 72 1.0
73 15 1.0
14 46 1.0
74 46 1.0
74 85 1.0
74 40 1.0
74 89 1.0
15 73 1.0
16 68 1.0
75 69 1.0
75 71 1.0
75 18 1.0
17 69 1.0
18 75 1.0
76 62 1.0
76 71 1.0
76 19 1.0
19 76 1.0
20 71 1.0
77 47 1.0
77 65 1.0
77 71 1.0
77 23 1.0
21 56 1.0
22 55 1.0
23 77 1.0
24 47 1.0
25 48 1.0
26 51 1.0
78 60 1.0
78 61 1.0
78 28 1.0
27 60 1.0
28 78 1.0
29 62 1.0
79 80 1.0
79 81 1.0
79 82 1.0
79 83 1.0
79 30 1.0
80 48 1.0
80 79 1.0
80 86 1.0
80 44 1.0
81 79 1.0
81 83 1.0
81 85 1.0
81 35 1.0
82 79 1.0
82 86 1.0
82 38 1.0
83 79 1.0
83 81 1.0
83 85 1.0
83 36 1.0
30 79 1.0
31 61 1.0
84 61 1.0
84 37 1.0
32 65 1.0
85 72 1.0
85 74 1.0
85 81 1.0
85 83 1.0
85 33 1.0
33 85 1.0
86 80 1.0
86 82 1.0
86 34 1.0
34 86 1.0
35 81 1.0
36 83 1.0
37 84 1.0
38 82 1.0
87 52 1.0
87 39 1.0
39 87 1.0
40 74 1.0
41 72 1.0
42 88 1.0
88 52 1.0
88 63 1.0
88 42 1.0
43 89 1.0
89 74 1.0
89 43 1.0
44 80 1.0
