254
512
127 128 1.0
127 0 1.0
128 127 1.0
128 129 1.0
128 136 1.0
128 139 1.0
128 158 1.0
128 159 1.0
128 173 1.0
128 174 1.0
128 39 1.0
128 175 1.0
128 176 1.0
128 177 1.0
128 178 1.0
128 179 1.0
0 127 1.0
129 128 1.0
129 1 1.0
1 129 1.0
2 130 1.0
130 2 1.0
130 135 1.0
3 131 1.0
131 3 1.0
131 143 1.0
4 132 1.0
132 4 1.0
132 157 1.0
132 158 1.0
132 182 1.0
132 183 1.0
5 133 1.0
133 5 1.0
133 182 1.0
6 134 1.0
134 6 1.0
134 135 1.0
7 135 1.0
135 130 1.0
135 134 1.0
135 7 1.0
135 172 1.0
135 181 1.0
135 182 1.0
135 185 1.0
135 186 1.0
135 187 1.0
135 188 1.0
135 189 1.0
135 190 1.0
135 191 1.0
135 192 1.0
135 193 1.0
135 194 1.0
135 195 1.0
135 196 1.0
135 197 1.0
135 198 1.0
135 199 1.0
135 200 1.0
135 201 1.0
135 202 1.0
135 203 1.0
135 204 1.0
135 205 1.0
135 206 1.0
135 207 1.0
135 208 1.0
135 209 1.0
135 210 1.0
136 128 1.0
136 8 1.0
8 136 1.0
9 137 1.0
137 9 1.0
137 182 1.0
10 138 1.0
138 10 1.0
138 182 1.0
139 128 1.0
139 11 1.0
11 139 1.0
12 140 1.0
140 12 1.0
140 143 1.0
13 141 1.0
141 13 1.0
141 143 1.0
142 14 1.0
142 143 1.0
14 142 1.0
143 131 1.0
143 140 1.0
143 141 1.0
143 142 1.0
143 144 1.0
143 145 1.0
143 147 1.0
143 151 1.0
143 152 1.0
143 153 1.0
143 154 1.0
143 155 1.0
143 21 1.0
143 156 1.0
144 143 1.0
144 15 1.0
15 144 1.0
145 143 1.0
145 16 1.0
16 145 1.0
146 147 1.0
146 17 1.0
147 143 1.0
147 146 1.0
147 148 1.0
147 149 1.0
147 150 1.0
147 159 1.0
147 215 1.0
147 217 1.0
147 218 1.0
147 219 1.0
147 220 1.0
147 221 1.0
147 222 1.0
147 223 1.0
147 224 1.0
147 225 1.0
147 226 1.0
147 227 1.0
147 228 1.0
147 229 1.0
147 68 1.0
147 230 1.0
147 231 1.0
147 232 1.0
147 233 1.0
147 234 1.0
17 146 1.0
148 147 1.0
148 18 1.0
18 148 1.0
149 147 1.0
149 19 1.0
19 149 1.0
150 147 1.0
150 20 1.0
20 150 1.0
151 143 1.0
151 23 1.0
152 143 1.0
152 60 1.0
153 143 1.0
153 22 1.0
153 157 1.0
153 158 1.0
154 143 1.0
154 57 1.0
155 143 1.0
155 58 1.0
21 143 1.0
156 143 1.0
156 55 1.0
22 153 1.0
157 132 1.0
157 153 1.0
157 182 1.0
157 78 1.0
158 128 1.0
158 132 1.0
158 153 1.0
158 56 1.0
23 151 1.0
24 159 1.0
159 128 1.0
159 147 1.0
159 24 1.0
159 166 1.0
159 167 1.0
159 168 1.0
159 169 1.0
159 170 1.0
159 171 1.0
159 180 1.0
159 211 1.0
159 212 1.0
159 213 1.0
159 214 1.0
159 244 1.0
159 245 1.0
159 246 1.0
159 247 1.0
159 248 1.0
159 249 1.0
159 250 1.0
159 251 1.0
159 252 1.0
159 253 1.0
25 160 1.0
160 25 1.0
160 211 1.0
26 161 1.0
161 26 1.0
161 211 1.0
27 162 1.0
162 27 1.0
162 211 1.0
28 163 1.0
163 28 1.0
163 211 1.0
29 164 1.0
164 29 1.0
164 211 1.0
30 165 1.0
165 30 1.0
165 211 1.0
166 159 1.0
166 31 1.0
31 166 1.0
167 159 1.0
167 32 1.0
32 167 1.0
168 159 1.0
168 33 1.0
33 168 1.0
169 159 1.0
169 34 1.0
34 169 1.0
170 159 1.0
170 35 1.0
35 170 1.0
171 159 1.0
171 36 1.0
36 171 1.0
172 135 1.0
172 37 1.0
37 172 1.0
173 128 1.0
173 38 1.0
38 173 1.0
174 128 1.0
174 93 1.0
39 128 1.0
175 128 1.0
175 89 1.0
176 128 1.0
176 95 1.0
177 128 1.0
177 94 1.0
178 128 1.0
178 90 1.0
179 128 1.0
179 92 1.0
180 159 1.0
180 40 1.0
40 180 1.0
41 181 1.0
181 135 1.0
181 41 1.0
182 132 1.0
182 133 1.0
182 135 1.0
182 137 1.0
182 138 1.0
182 157 1.0
182 184 1.0
182 235 1.0
182 236 1.0
182 237 1.0
182 238 1.0
182 75 1.0
183 132 1.0
183 216 1.0
183 62 1.0
183 239 1.0
183 240 1.0
183 241 1.0
183 242 1.0
183 243 1.0
184 182 1.0
184 42 1.0
42 184 1.0
185 135 1.0
185 123 1.0
186 135 1.0
186 105 1.0
187 135 1.0
187 52 1.0
188 135 1.0
188 59 1.0
189 135 1.0
189 88 1.0
190 135 1.0
190 84 1.0
191 135 1.0
191 109 1.0
192 135 1.0
192 49 1.0
193 135 1.0
193 51 1.0
194 135 1.0
194 107 1.0
195 135 1.0
195 50 1.0
196 135 1.0
196 125 1.0
197 135 1.0
197 106 1.0
198 135 1.0
198 122 1.0
199 135 1.0
199 91 1.0
200 135 1.0
200 43 1.0
201 135 1.0
201 86 1.0
202 135 1.0
202 121 1.0
203 135 1.0
203 54 1.0
204 135 1.0
204 118 1.0
205 135 1.0
205 124 1.0
206 135 1.0
206 112 1.0
207 135 1.0
207 83 1.0
208 135 1.0
208 87 1.0
209 135 1.0
209 46 1.0
210 135 1.0
210 85 1.0
43 200 1.0
44 211 1.0
211 159 1.0
211 160 1.0
211 161 1.0
211 162 1.0
211 163 1.0
211 164 1.0
211 165 1.0
211 44 1.0
45 212 1.0
212 159 1.0
212 45 1.0
46 209 1.0
47 213 1.0
213 159 1.0
213 47 1.0
48 214 1.0
214 159 1.0
214 48 1.0
49 192 1.0
50 195 1.0
51 193 1.0
52 187 1.0
53 215 1.0
215 147 1.0
215 53 1.0
54 203 1.0
55 156 1.0
56 158 1.0
57 154 1.0
58 155 1.0
59 188 1.0
60 152 1.0
61 216 1.0
216 183 1.0
216 61 1.0
62 183 1.0
217 147 1.0
217 63 1.0
63 217 1.0
218 147 1.0
218 64 1.0
64 218 1.0
219 147 1.0
219 65 1.0
65 219 1.0
220 147 1.0
220 66 1.0
66 220 1.0
221 147 1.0
221 67 1.0
67 221 1.0
222 147 1.0
222 97 1.0
223 147 1.0
223 96 1.0
224 147 1.0
224 99 1.0
225 147 1.0
225 69 1.0
226 147 1.0
226 70 1.0
227 147 1.0
227 71 1.0
228 147 1.0
228 102 1.0
229 147 1.0
229 101 1.0
68 147 1.0
230 147 1.0
230 103 1.0
231 147 1.0
231 72 1.0
232 147 1.0
232 100 1.0
233 147 1.0
233 98 1.0
234 147 1.0
234 104 1.0
69 225 1.0
70 226 1.0
71 227 1.0
72 231 1.0
235 182 1.0
235 73 1.0
73 235 1.0
236 182 1.0
236 74 1.0
74 236 1.0
237 182 1.0
237 108 1.0
238 182 1.0
238 76 1.0
75 182 1.0
76 238 1.0
239 183 1.0
239 77 1.0
77 239 1.0
78 157 1.0
240 183 1.0
240 79 1.0
79 240 1.0
241 183 1.0
241 80 1.0
80 241 1.0
242 183 1.0
242 81 1.0
81 242 1.0
243 183 1.0
243 82 1.0
82 243 1.0
83 207 1.0
84 190 1.0
85 210 1.0
86 201 1.0
87 208 1.0
88 189 1.0
244 159 1.0
244 110 1.0
245 159 1.0
245 114 1.0
246 159 1.0
246 116 1.0
247 159 1.0
247 115 1.0
248 159 1.0
248 117 1.0
249 159 1.0
249 119 1.0
250 159 1.0
250 111 1.0
251 159 1.0
251 120 1.0
252 159 1.0
252 126 1.0
253 159 1.0
253 113 1.0
89 175 1.0
90 178 1.0
91 199 1.0
92 179 1.0
93 174 1.0
94 177 1.0
95 176 1.0
96 223 1.0
97 222 1.0
98 233 1.0
99 224 1.0
100 232 1.0
101 229 1.0
102 228 1.0
103 230 1.0
104 234 1.0
105 186 1.0
106 197 1.0
107 194 1.0
108 237 1.0
109 191 1.0
110 244 1.0
111 250 1.0
112 206 1.0
113 253 1.0
114 245 1.0
115 247 1.0
116 246 1.0
117 248 1.0
118 204 1.0
119 249 1.0
120 251 1.0
121 202 1.0
122 198 1.0
123 185 1.0
124 205 1.0
125 196 1.0
126 252 1.0
