72
154
0 36 1.0
36 0 1.0
36 46 1.0
36 47 1.0
36 51 1.0
1 37 1.0
37 1 1.0
37 46 1.0
37 49 1.0
37 50 1.0
2 38 1.0
38 2 1.0
38 53 1.0
38 55 1.0
3 39 1.0
39 3 1.0
39 54 1.0
4 40 1.0
40 4 1.0
40 41 1.0
40 54 1.0
5 41 1.0
41 40 1.0
41 5 1.0
41 42 1.0
41 43 1.0
6 42 1.0
42 41 1.0
42 6 1.0
7 43 1.0
43 41 1.0
43 7 1.0
43 44 1.0
43 45 1.0
8 44 1.0
44 43 1.0
44 8 1.0
9 45 1.0
45 43 1.0
45 9 1.0
45 46 1.0
10 46 1.0
46 36 1.0
46 37 1.0
46 45 1.0
46 10 1.0
11 47 1.0
47 36 1.0
47 11 1.0
47 48 1.0
12 48 1.0
48 47 1.0
48 12 1.0
48 64 1.0
48 68 1.0
13 49 1.0
49 37 1.0
49 13 1.0
49 69 1.0
50 37 1.0
50 55 1.0
50 56 1.0
50 18 1.0
50 57 1.0
50 58 1.0
51 36 1.0
51 17 1.0
51 61 1.0
14 52 1.0
52 14 1.0
52 53 1.0
52 60 1.0
15 53 1.0
53 38 1.0
53 52 1.0
53 15 1.0
53 54 1.0
54 39 1.0
54 40 1.0
54 53 1.0
54 34 1.0
55 38 1.0
55 50 1.0
55 16 1.0
16 55 1.0
17 51 1.0
56 50 1.0
56 59 1.0
56 67 1.0
56 31 1.0
18 50 1.0
57 50 1.0
57 28 1.0
58 50 1.0
58 19 1.0
58 59 1.0
58 60 1.0
19 58 1.0
59 56 1.0
59 58 1.0
59 30 1.0
60 52 1.0
60 58 1.0
60 32 1.0
61 51 1.0
61 62 1.0
61 20 1.0
62 61 1.0
62 21 1.0
62 63 1.0
62 64 1.0
20 61 1.0
21 62 1.0
63 62 1.0
63 33 1.0
64 48 1.0
64 62 1.0
64 35 1.0
65 66 1.0
65 67 1.0
65 22 1.0
66 65 1.0
66 23 1.0
66 68 1.0
66 69 1.0
66 70 1.0
67 56 1.0
67 65 1.0
67 29 1.0
22 65 1.0
23 66 1.0
68 48 1.0
68 66 1.0
68 26 1.0
68 71 1.0
69 49 1.0
69 66 1.0
69 24 1.0
70 66 1.0
70 25 1.0
24 69 1.0
25 70 1.0
26 68 1.0
71 68 1.0
71 27 1.0
27 71 1.0
28 57 1.0
29 67 1.0
30 59 1.0
31 56 1.0
32 60 1.0
33 63 1.0
34 54 1.0
35 64 1.0
