76
166
0 38 1.0
38 0 1.0
38 49 1.0
38 52 1.0
1 39 1.0
39 1 1.0
39 44 1.0
39 49 1.0
2 40 1.0
40 2 1.0
40 72 1.0
40 75 1.0
3 41 1.0
41 3 1.0
41 42 1.0
4 42 1.0
42 41 1.0
42 4 1.0
42 43 1.0
42 55 1.0
5 43 1.0
43 42 1.0
43 5 1.0
43 44 1.0
43 45 1.0
43 56 1.0
6 44 1.0
44 39 1.0
44 43 1.0
44 6 1.0
44 46 1.0
7 45 1.0
45 43 1.0
45 7 1.0
45 56 1.0
45 57 1.0
45 58 1.0
8 46 1.0
46 44 1.0
46 8 1.0
46 47 1.0
9 47 1.0
47 46 1.0
47 9 1.0
47 52 1.0
10 48 1.0
48 10 1.0
48 52 1.0
11 49 1.0
49 38 1.0
49 39 1.0
49 11 1.0
49 71 1.0
12 50 1.0
50 12 1.0
50 71 1.0
13 51 1.0
51 13 1.0
51 71 1.0
52 38 1.0
52 47 1.0
52 48 1.0
52 21 1.0
14 53 1.0
53 14 1.0
53 55 1.0
15 54 1.0
54 15 1.0
54 55 1.0
54 68 1.0
55 42 1.0
55 53 1.0
55 54 1.0
55 25 1.0
56 43 1.0
56 45 1.0
56 58 1.0
56 59 1.0
56 61 1.0
56 62 1.0
56 63 1.0
56 64 1.0
56 65 1.0
56 18 1.0
57 45 1.0
57 17 1.0
57 72 1.0
58 45 1.0
58 56 1.0
58 24 1.0
59 56 1.0
59 60 1.0
59 16 1.0
60 59 1.0
60 70 1.0
60 35 1.0
16 59 1.0
17 57 1.0
61 56 1.0
61 69 1.0
61 73 1.0
61 23 1.0
62 56 1.0
62 27 1.0
63 56 1.0
63 30 1.0
64 56 1.0
64 37 1.0
65 56 1.0
65 28 1.0
18 56 1.0
19 66 1.0
66 19 1.0
66 69 1.0
66 70 1.0
67 20 1.0
67 68 1.0
20 67 1.0
68 54 1.0
68 67 1.0
68 70 1.0
68 26 1.0
69 61 1.0
69 66 1.0
69 73 1.0
69 31 1.0
70 60 1.0
70 66 1.0
70 68 1.0
70 33 1.0
21 52 1.0
71 49 1.0
71 50 1.0
71 51 1.0
71 22 1.0
71 72 1.0
22 71 1.0
72 40 1.0
72 57 1.0
72 71 1.0
72 36 1.0
73 61 1.0
73 69 1.0
73 74 1.0
73 29 1.0
23 61 1.0
24 58 1.0
25 55 1.0
26 68 1.0
27 62 1.0
28 65 1.0
74 73 1.0
74 32 1.0
74 75 1.0
29 73 1.0
30 63 1.0
31 69 1.0
32 74 1.0
33 70 1.0
34 75 1.0
75 40 1.0
75 74 1.0
75 34 1.0
35 60 1.0
36 72 1.0
37 64 1.0
