48
98
0 24 1.0
24 0 1.0
24 25 1.0
24 33 1.0
1 25 1.0
25 24 1.0
25 1 1.0
25 37 1.0
2 26 1.0
26 2 1.0
26 27 1.0
26 29 1.0
26 38 1.0
3 27 1.0
27 26 1.0
27 3 1.0
27 28 1.0
27 29 1.0
4 28 1.0
28 27 1.0
28 4 1.0
5 29 1.0
29 26 1.0
29 27 1.0
29 5 1.0
29 32 1.0
6 30 1.0
30 6 1.0
30 31 1.0
30 39 1.0
7 31 1.0
31 30 1.0
31 7 1.0
31 34 1.0
8 32 1.0
32 29 1.0
32 8 1.0
32 33 1.0
9 33 1.0
33 24 1.0
33 32 1.0
33 9 1.0
10 34 1.0
34 31 1.0
34 10 1.0
34 35 1.0
34 40 1.0
11 35 1.0
35 34 1.0
35 11 1.0
35 36 1.0
35 42 1.0
12 36 1.0
36 35 1.0
36 12 1.0
37 25 1.0
37 39 1.0
37 16 1.0
38 26 1.0
38 42 1.0
38 22 1.0
39 30 1.0
39 37 1.0
39 17 1.0
39 45 1.0
39 46 1.0
13 40 1.0
40 34 1.0
40 13 1.0
41 42 1.0
41 14 1.0
41 43 1.0
42 35 1.0
42 38 1.0
42 41 1.0
42 23 1.0
14 41 1.0
43 41 1.0
43 44 1.0
43 15 1.0
44 43 1.0
44 47 1.0
44 21 1.0
15 43 1.0
16 37 1.0
17 39 1.0
45 39 1.0
45 18 1.0
46 39 1.0
46 19 1.0
18 45 1.0
19 46 1.0
47 44 1.0
47 20 1.0
20 47 1.0
21 44 1.0
22 38 1.0
23 42 1.0
