40
102
0 20 1.0
20 0 1.0
20 30 1.0
20 31 1.0
20 33 1.0
1 21 1.0
21 1 1.0
21 30 1.0
21 31 1.0
21 32 1.0
2 22 1.0
22 2 1.0
22 25 1.0
22 32 1.0
22 34 1.0
22 35 1.0
3 23 1.0
23 3 1.0
23 24 1.0
23 27 1.0
4 24 1.0
24 23 1.0
24 4 1.0
24 34 1.0
5 25 1.0
25 22 1.0
25 5 1.0
25 26 1.0
6 26 1.0
26 25 1.0
26 6 1.0
26 27 1.0
26 28 1.0
26 32 1.0
26 36 1.0
7 27 1.0
27 23 1.0
27 26 1.0
27 7 1.0
27 29 1.0
8 28 1.0
28 26 1.0
28 8 1.0
28 29 1.0
28 36 1.0
9 29 1.0
29 27 1.0
29 28 1.0
29 9 1.0
30 20 1.0
30 21 1.0
30 31 1.0
30 36 1.0
30 38 1.0
30 17 1.0
31 20 1.0
31 21 1.0
31 30 1.0
31 32 1.0
31 18 1.0
32 21 1.0
32 22 1.0
32 26 1.0
32 31 1.0
32 36 1.0
32 38 1.0
32 19 1.0
33 20 1.0
33 36 1.0
33 13 1.0
34 22 1.0
34 24 1.0
34 14 1.0
35 22 1.0
35 37 1.0
35 15 1.0
36 26 1.0
36 28 1.0
36 30 1.0
36 32 1.0
36 33 1.0
36 12 1.0
37 35 1.0
37 38 1.0
37 10 1.0
38 30 1.0
38 32 1.0
38 37 1.0
38 39 1.0
38 16 1.0
10 37 1.0
39 38 1.0
39 11 1.0
11 39 1.0
12 36 1.0
13 33 1.0
14 34 1.0
15 35 1.0
16 38 1.0
17 30 1.0
18 31 1.0
19 32 1.0
