168
354
84 85 1.0
84 0 1.0
84 86 1.0
85 84 1.0
85 7 1.0
85 99 1.0
0 84 1.0
86 84 1.0
86 6 1.0
86 133 1.0
87 1 1.0
87 88 1.0
87 89 1.0
1 87 1.0
88 87 1.0
88 93 1.0
88 73 1.0
89 87 1.0
89 149 1.0
89 76 1.0
2 90 1.0
90 2 1.0
90 104 1.0
90 158 1.0
3 91 1.0
91 3 1.0
91 92 1.0
91 136 1.0
4 92 1.0
92 91 1.0
92 4 1.0
92 135 1.0
5 93 1.0
93 88 1.0
93 5 1.0
93 133 1.0
6 86 1.0
7 85 1.0
94 95 1.0
94 96 1.0
94 97 1.0
94 98 1.0
94 8 1.0
95 94 1.0
95 167 1.0
95 83 1.0
96 94 1.0
96 101 1.0
96 32 1.0
97 94 1.0
97 165 1.0
97 82 1.0
98 94 1.0
98 19 1.0
98 120 1.0
8 94 1.0
9 99 1.0
99 85 1.0
99 9 1.0
99 100 1.0
99 138 1.0
10 100 1.0
100 99 1.0
100 10 1.0
100 118 1.0
100 137 1.0
101 96 1.0
101 11 1.0
101 102 1.0
11 101 1.0
102 101 1.0
102 111 1.0
102 160 1.0
102 51 1.0
12 103 1.0
103 12 1.0
103 123 1.0
103 139 1.0
13 104 1.0
104 90 1.0
104 13 1.0
104 115 1.0
105 14 1.0
105 106 1.0
105 107 1.0
14 105 1.0
106 105 1.0
106 23 1.0
106 131 1.0
106 132 1.0
107 105 1.0
107 33 1.0
108 15 1.0
108 109 1.0
108 110 1.0
15 108 1.0
109 108 1.0
109 119 1.0
109 58 1.0
110 108 1.0
110 65 1.0
111 102 1.0
111 16 1.0
111 112 1.0
111 113 1.0
111 114 1.0
16 111 1.0
112 111 1.0
112 120 1.0
112 50 1.0
113 111 1.0
113 129 1.0
113 35 1.0
114 111 1.0
114 149 1.0
114 48 1.0
114 159 1.0
115 104 1.0
115 116 1.0
115 17 1.0
116 115 1.0
116 147 1.0
116 61 1.0
17 115 1.0
117 118 1.0
117 119 1.0
117 18 1.0
118 100 1.0
118 117 1.0
118 68 1.0
119 109 1.0
119 117 1.0
119 59 1.0
18 117 1.0
19 98 1.0
120 98 1.0
120 112 1.0
120 29 1.0
120 153 1.0
120 161 1.0
121 122 1.0
121 20 1.0
121 123 1.0
122 121 1.0
122 140 1.0
122 34 1.0
20 121 1.0
123 103 1.0
123 121 1.0
123 41 1.0
124 125 1.0
124 126 1.0
124 21 1.0
125 124 1.0
125 142 1.0
125 31 1.0
126 124 1.0
126 140 1.0
126 39 1.0
21 124 1.0
127 22 1.0
127 128 1.0
127 129 1.0
127 130 1.0
22 127 1.0
128 127 1.0
128 130 1.0
128 161 1.0
128 67 1.0
129 113 1.0
129 127 1.0
129 49 1.0
130 127 1.0
130 128 1.0
130 131 1.0
130 132 1.0
130 152 1.0
130 153 1.0
130 46 1.0
23 106 1.0
131 106 1.0
131 130 1.0
131 55 1.0
132 106 1.0
132 130 1.0
132 54 1.0
133 86 1.0
133 93 1.0
133 147 1.0
133 60 1.0
24 134 1.0
134 24 1.0
134 157 1.0
134 166 1.0
135 92 1.0
135 26 1.0
135 140 1.0
135 141 1.0
136 91 1.0
136 139 1.0
136 145 1.0
136 37 1.0
136 146 1.0
137 100 1.0
137 66 1.0
138 99 1.0
138 25 1.0
25 138 1.0
139 103 1.0
139 136 1.0
139 52 1.0
26 135 1.0
27 140 1.0
140 122 1.0
140 126 1.0
140 135 1.0
140 27 1.0
28 141 1.0
141 135 1.0
141 28 1.0
141 155 1.0
29 120 1.0
30 142 1.0
142 125 1.0
142 30 1.0
142 156 1.0
31 125 1.0
32 96 1.0
33 107 1.0
34 122 1.0
35 113 1.0
143 144 1.0
143 36 1.0
143 145 1.0
144 143 1.0
144 163 1.0
144 164 1.0
144 69 1.0
36 143 1.0
145 136 1.0
145 143 1.0
145 44 1.0
145 151 1.0
37 136 1.0
146 136 1.0
146 148 1.0
146 43 1.0
147 116 1.0
147 133 1.0
147 38 1.0
38 147 1.0
39 126 1.0
148 146 1.0
148 40 1.0
40 148 1.0
41 123 1.0
149 89 1.0
149 114 1.0
149 42 1.0
149 150 1.0
42 149 1.0
150 149 1.0
150 160 1.0
150 56 1.0
43 146 1.0
44 145 1.0
151 145 1.0
151 45 1.0
45 151 1.0
152 130 1.0
152 75 1.0
153 120 1.0
153 130 1.0
153 74 1.0
46 130 1.0
154 47 1.0
154 155 1.0
154 156 1.0
154 157 1.0
154 158 1.0
47 154 1.0
155 141 1.0
155 154 1.0
155 80 1.0
156 142 1.0
156 154 1.0
156 53 1.0
157 134 1.0
157 154 1.0
157 72 1.0
157 165 1.0
158 90 1.0
158 154 1.0
158 81 1.0
48 114 1.0
159 114 1.0
159 162 1.0
159 71 1.0
49 129 1.0
50 112 1.0
160 102 1.0
160 150 1.0
160 57 1.0
51 102 1.0
52 139 1.0
53 156 1.0
54 132 1.0
55 131 1.0
161 120 1.0
161 128 1.0
161 70 1.0
56 150 1.0
57 160 1.0
58 109 1.0
59 119 1.0
60 133 1.0
61 116 1.0
162 159 1.0
162 62 1.0
62 162 1.0
163 144 1.0
163 63 1.0
63 163 1.0
164 144 1.0
164 64 1.0
64 164 1.0
65 110 1.0
66 137 1.0
67 128 1.0
68 118 1.0
69 144 1.0
70 161 1.0
71 159 1.0
72 157 1.0
165 97 1.0
165 157 1.0
165 78 1.0
73 88 1.0
74 153 1.0
75 152 1.0
76 89 1.0
77 166 1.0
166 134 1.0
166 77 1.0
166 167 1.0
78 165 1.0
79 167 1.0
167 95 1.0
167 166 1.0
167 79 1.0
80 155 1.0
81 158 1.0
82 97 1.0
83 95 1.0
