48
102
0 24 1.0
24 0 1.0
24 39 1.0
1 25 1.0
25 1 1.0
25 37 1.0
25 38 1.0
2 26 1.0
26 2 1.0
26 41 1.0
3 27 1.0
27 3 1.0
27 40 1.0
4 28 1.0
28 4 1.0
28 29 1.0
28 40 1.0
5 29 1.0
29 28 1.0
29 5 1.0
29 30 1.0
29 39 1.0
6 30 1.0
30 29 1.0
30 6 1.0
30 37 1.0
7 31 1.0
31 7 1.0
31 39 1.0
8 32 1.0
32 8 1.0
32 33 1.0
9 33 1.0
33 32 1.0
33 9 1.0
33 39 1.0
33 42 1.0
10 34 1.0
34 10 1.0
34 41 1.0
34 47 1.0
11 35 1.0
35 11 1.0
35 36 1.0
12 36 1.0
36 35 1.0
36 12 1.0
36 41 1.0
37 25 1.0
37 30 1.0
37 39 1.0
37 16 1.0
38 25 1.0
38 17 1.0
39 24 1.0
39 29 1.0
39 31 1.0
39 33 1.0
39 37 1.0
39 41 1.0
39 19 1.0
40 27 1.0
40 28 1.0
40 41 1.0
40 22 1.0
40 47 1.0
41 26 1.0
41 34 1.0
41 36 1.0
41 39 1.0
41 40 1.0
41 43 1.0
41 44 1.0
41 45 1.0
41 46 1.0
41 18 1.0
42 33 1.0
42 46 1.0
42 21 1.0
13 43 1.0
43 41 1.0
43 13 1.0
44 41 1.0
44 14 1.0
14 44 1.0
45 41 1.0
45 15 1.0
15 45 1.0
16 37 1.0
17 38 1.0
46 41 1.0
46 42 1.0
46 20 1.0
18 41 1.0
19 39 1.0
20 46 1.0
21 42 1.0
22 40 1.0
47 34 1.0
47 40 1.0
47 23 1.0
23 47 1.0
