60
132
0 30 1.0
30 0 1.0
30 31 1.0
30 46 1.0
1 31 1.0
31 30 1.0
31 1 1.0
31 44 1.0
31 45 1.0
2 32 1.0
32 2 1.0
32 49 1.0
3 33 1.0
33 3 1.0
33 49 1.0
4 34 1.0
34 4 1.0
34 38 1.0
34 43 1.0
5 35 1.0
35 5 1.0
35 36 1.0
35 43 1.0
6 36 1.0
36 35 1.0
36 6 1.0
36 37 1.0
7 37 1.0
37 36 1.0
37 7 1.0
37 45 1.0
37 46 1.0
8 38 1.0
38 34 1.0
38 8 1.0
38 46 1.0
9 39 1.0
39 9 1.0
39 49 1.0
10 40 1.0
40 10 1.0
40 42 1.0
40 46 1.0
11 41 1.0
41 11 1.0
41 42 1.0
41 49 1.0
12 42 1.0
42 40 1.0
42 41 1.0
42 12 1.0
13 43 1.0
43 34 1.0
43 35 1.0
43 13 1.0
43 49 1.0
43 50 1.0
44 31 1.0
44 26 1.0
45 31 1.0
45 37 1.0
45 46 1.0
45 25 1.0
46 30 1.0
46 37 1.0
46 38 1.0
46 40 1.0
46 45 1.0
46 49 1.0
46 51 1.0
46 20 1.0
14 47 1.0
47 14 1.0
47 48 1.0
47 50 1.0
15 48 1.0
48 47 1.0
48 15 1.0
48 55 1.0
49 32 1.0
49 33 1.0
49 39 1.0
49 41 1.0
49 43 1.0
49 46 1.0
49 51 1.0
49 52 1.0
49 53 1.0
49 54 1.0
49 55 1.0
49 56 1.0
49 19 1.0
49 57 1.0
49 58 1.0
49 59 1.0
16 50 1.0
50 43 1.0
50 47 1.0
50 16 1.0
51 46 1.0
51 49 1.0
51 17 1.0
17 51 1.0
52 49 1.0
52 18 1.0
18 52 1.0
53 49 1.0
53 27 1.0
54 49 1.0
54 21 1.0
55 48 1.0
55 49 1.0
55 28 1.0
56 49 1.0
56 29 1.0
19 49 1.0
57 49 1.0
57 22 1.0
58 49 1.0
58 23 1.0
59 49 1.0
59 24 1.0
20 46 1.0
21 54 1.0
22 57 1.0
23 58 1.0
24 59 1.0
25 45 1.0
26 44 1.0
27 53 1.0
28 55 1.0
29 56 1.0
