66
152
0 33 1.0
33 0 1.0
33 43 1.0
33 47 1.0
33 48 1.0
1 34 1.0
34 1 1.0
34 47 1.0
2 35 1.0
35 2 1.0
35 48 1.0
35 65 1.0
3 36 1.0
36 3 1.0
36 46 1.0
36 51 1.0
4 37 1.0
37 4 1.0
37 42 1.0
37 51 1.0
5 38 1.0
38 5 1.0
38 39 1.0
38 40 1.0
38 51 1.0
6 39 1.0
39 38 1.0
39 6 1.0
39 40 1.0
7 40 1.0
40 38 1.0
40 39 1.0
40 7 1.0
40 41 1.0
8 41 1.0
41 40 1.0
41 8 1.0
41 47 1.0
41 52 1.0
9 42 1.0
42 37 1.0
42 9 1.0
42 47 1.0
10 43 1.0
43 33 1.0
43 10 1.0
43 47 1.0
11 44 1.0
44 11 1.0
44 51 1.0
44 54 1.0
12 45 1.0
45 12 1.0
45 52 1.0
13 46 1.0
46 36 1.0
46 13 1.0
46 47 1.0
46 49 1.0
46 50 1.0
46 51 1.0
46 55 1.0
46 56 1.0
46 59 1.0
46 62 1.0
46 63 1.0
46 65 1.0
47 33 1.0
47 34 1.0
47 41 1.0
47 42 1.0
47 43 1.0
47 46 1.0
47 16 1.0
47 56 1.0
47 57 1.0
47 61 1.0
48 33 1.0
48 35 1.0
48 30 1.0
14 49 1.0
49 46 1.0
49 14 1.0
49 50 1.0
15 50 1.0
50 46 1.0
50 49 1.0
50 15 1.0
51 36 1.0
51 37 1.0
51 38 1.0
51 44 1.0
51 46 1.0
51 32 1.0
52 41 1.0
52 45 1.0
52 58 1.0
52 25 1.0
52 64 1.0
16 47 1.0
17 53 1.0
53 17 1.0
53 54 1.0
53 55 1.0
54 44 1.0
54 53 1.0
54 28 1.0
55 46 1.0
55 53 1.0
55 29 1.0
56 46 1.0
56 47 1.0
56 18 1.0
18 56 1.0
57 47 1.0
57 58 1.0
57 19 1.0
58 52 1.0
58 57 1.0
58 24 1.0
19 57 1.0
59 46 1.0
59 20 1.0
59 60 1.0
59 61 1.0
20 59 1.0
60 59 1.0
60 27 1.0
61 47 1.0
61 59 1.0
61 23 1.0
62 46 1.0
62 21 1.0
21 62 1.0
63 46 1.0
63 22 1.0
22 63 1.0
23 61 1.0
24 58 1.0
25 52 1.0
64 52 1.0
64 26 1.0
26 64 1.0
27 60 1.0
28 54 1.0
29 55 1.0
30 48 1.0
65 35 1.0
65 46 1.0
65 31 1.0
31 65 1.0
32 51 1.0
