38
80
0 19 1.0
19 0 1.0
19 31 1.0
1 20 1.0
20 1 1.0
20 22 1.0
20 23 1.0
20 24 1.0
20 25 1.0
20 29 1.0
20 30 1.0
20 31 1.0
2 21 1.0
21 2 1.0
21 22 1.0
21 31 1.0
3 22 1.0
22 20 1.0
22 21 1.0
22 3 1.0
4 23 1.0
23 20 1.0
23 4 1.0
5 24 1.0
24 20 1.0
24 5 1.0
6 25 1.0
25 20 1.0
25 6 1.0
7 26 1.0
26 7 1.0
26 32 1.0
8 27 1.0
27 8 1.0
27 31 1.0
9 28 1.0
28 9 1.0
28 31 1.0
29 20 1.0
29 36 1.0
29 15 1.0
30 20 1.0
30 32 1.0
30 16 1.0
31 19 1.0
31 20 1.0
31 21 1.0
31 27 1.0
31 28 1.0
31 33 1.0
31 37 1.0
31 14 1.0
32 26 1.0
32 30 1.0
32 36 1.0
32 17 1.0
33 31 1.0
33 10 1.0
33 34 1.0
10 33 1.0
34 33 1.0
34 36 1.0
34 12 1.0
35 36 1.0
35 11 1.0
36 29 1.0
36 32 1.0
36 34 1.0
36 35 1.0
36 18 1.0
11 35 1.0
12 34 1.0
37 31 1.0
37 13 1.0
13 37 1.0
14 31 1.0
15 29 1.0
16 30 1.0
17 32 1.0
18 36 1.0
