84
176
42 43 1.0
42 0 1.0
43 42 1.0
43 49 1.0
43 53 1.0
43 13 1.0
43 56 1.0
43 65 1.0
43 72 1.0
43 73 1.0
0 42 1.0
1 44 1.0
44 1 1.0
44 53 1.0
2 45 1.0
45 2 1.0
45 53 1.0
3 46 1.0
46 3 1.0
46 67 1.0
4 47 1.0
47 4 1.0
47 49 1.0
5 48 1.0
48 5 1.0
48 49 1.0
6 49 1.0
49 43 1.0
49 47 1.0
49 48 1.0
49 6 1.0
49 50 1.0
49 53 1.0
49 61 1.0
7 50 1.0
50 49 1.0
50 7 1.0
8 51 1.0
51 8 1.0
51 53 1.0
9 52 1.0
52 9 1.0
52 53 1.0
10 53 1.0
53 43 1.0
53 44 1.0
53 45 1.0
53 49 1.0
53 51 1.0
53 52 1.0
53 10 1.0
53 54 1.0
53 57 1.0
53 62 1.0
53 63 1.0
53 64 1.0
53 65 1.0
53 66 1.0
53 67 1.0
53 68 1.0
53 69 1.0
11 54 1.0
54 53 1.0
54 11 1.0
12 55 1.0
55 12 1.0
55 65 1.0
13 43 1.0
56 43 1.0
56 14 1.0
14 56 1.0
15 57 1.0
57 53 1.0
57 15 1.0
57 62 1.0
57 65 1.0
57 78 1.0
57 80 1.0
57 81 1.0
16 58 1.0
58 16 1.0
58 62 1.0
17 59 1.0
59 17 1.0
59 62 1.0
18 60 1.0
60 18 1.0
60 62 1.0
61 49 1.0
61 36 1.0
62 53 1.0
62 57 1.0
62 58 1.0
62 59 1.0
62 60 1.0
62 67 1.0
62 22 1.0
62 75 1.0
62 76 1.0
62 77 1.0
63 53 1.0
63 32 1.0
64 53 1.0
64 33 1.0
65 43 1.0
65 53 1.0
65 55 1.0
65 57 1.0
65 70 1.0
65 71 1.0
65 74 1.0
65 79 1.0
65 39 1.0
66 53 1.0
66 20 1.0
67 46 1.0
67 53 1.0
67 62 1.0
67 82 1.0
67 38 1.0
67 83 1.0
68 53 1.0
68 27 1.0
69 53 1.0
69 34 1.0
70 65 1.0
70 19 1.0
19 70 1.0
20 66 1.0
71 65 1.0
71 21 1.0
21 71 1.0
72 43 1.0
72 26 1.0
73 43 1.0
73 35 1.0
22 62 1.0
74 65 1.0
74 23 1.0
23 74 1.0
75 62 1.0
75 25 1.0
76 62 1.0
76 41 1.0
77 62 1.0
77 37 1.0
78 57 1.0
78 24 1.0
24 78 1.0
25 75 1.0
26 72 1.0
27 68 1.0
79 65 1.0
79 28 1.0
28 79 1.0
80 57 1.0
80 29 1.0
29 80 1.0
81 57 1.0
81 30 1.0
30 81 1.0
82 67 1.0
82 31 1.0
31 82 1.0
32 63 1.0
33 64 1.0
34 69 1.0
35 73 1.0
36 61 1.0
37 77 1.0
38 67 1.0
39 65 1.0
83 67 1.0
83 40 1.0
40 83 1.0
41 76 1.0
