96
200
48 49 1.0
48 50 1.0
48 51 1.0
48 52 1.0
48 53 1.0
48 0 1.0
49 48 1.0
49 54 1.0
49 62 1.0
49 65 1.0
49 66 1.0
49 67 1.0
49 11 1.0
50 48 1.0
50 27 1.0
51 48 1.0
51 56 1.0
51 26 1.0
52 48 1.0
52 30 1.0
53 48 1.0
53 28 1.0
0 48 1.0
54 49 1.0
54 1 1.0
1 54 1.0
2 55 1.0
55 2 1.0
55 90 1.0
3 56 1.0
56 51 1.0
56 3 1.0
56 58 1.0
56 71 1.0
4 57 1.0
57 4 1.0
57 58 1.0
57 70 1.0
5 58 1.0
58 56 1.0
58 57 1.0
58 5 1.0
58 59 1.0
6 59 1.0
59 58 1.0
59 6 1.0
59 64 1.0
59 68 1.0
7 60 1.0
60 7 1.0
60 68 1.0
61 62 1.0
61 8 1.0
62 49 1.0
62 61 1.0
62 86 1.0
62 87 1.0
62 95 1.0
62 47 1.0
8 61 1.0
9 63 1.0
63 9 1.0
63 64 1.0
63 72 1.0
10 64 1.0
64 59 1.0
64 63 1.0
64 10 1.0
65 49 1.0
65 79 1.0
65 80 1.0
65 83 1.0
65 21 1.0
66 49 1.0
66 29 1.0
67 49 1.0
67 43 1.0
11 49 1.0
68 59 1.0
68 60 1.0
68 72 1.0
68 73 1.0
68 13 1.0
68 74 1.0
68 75 1.0
12 69 1.0
69 12 1.0
69 73 1.0
69 80 1.0
70 57 1.0
70 31 1.0
71 56 1.0
71 73 1.0
71 17 1.0
72 63 1.0
72 68 1.0
72 88 1.0
72 45 1.0
73 68 1.0
73 69 1.0
73 71 1.0
73 85 1.0
73 46 1.0
13 68 1.0
74 68 1.0
74 40 1.0
75 68 1.0
75 41 1.0
76 77 1.0
76 14 1.0
76 78 1.0
77 76 1.0
77 79 1.0
77 15 1.0
14 76 1.0
78 76 1.0
78 88 1.0
78 92 1.0
78 42 1.0
79 65 1.0
79 77 1.0
79 20 1.0
15 77 1.0
80 65 1.0
80 69 1.0
80 16 1.0
80 81 1.0
16 80 1.0
81 80 1.0
81 82 1.0
81 18 1.0
17 71 1.0
82 81 1.0
82 19 1.0
18 81 1.0
19 82 1.0
20 79 1.0
83 65 1.0
83 22 1.0
83 84 1.0
21 65 1.0
22 83 1.0
84 83 1.0
84 85 1.0
84 23 1.0
85 73 1.0
85 84 1.0
85 44 1.0
23 84 1.0
24 86 1.0
86 62 1.0
86 24 1.0
25 87 1.0
87 62 1.0
87 25 1.0
26 51 1.0
27 50 1.0
28 53 1.0
29 66 1.0
30 52 1.0
31 70 1.0
88 72 1.0
88 78 1.0
88 32 1.0
32 88 1.0
89 90 1.0
89 33 1.0
90 55 1.0
90 89 1.0
90 34 1.0
90 91 1.0
33 89 1.0
34 90 1.0
91 90 1.0
91 93 1.0
91 37 1.0
92 78 1.0
92 35 1.0
35 92 1.0
93 91 1.0
93 94 1.0
93 95 1.0
93 36 1.0
94 93 1.0
94 39 1.0
95 62 1.0
95 93 1.0
95 38 1.0
36 93 1.0
37 91 1.0
38 95 1.0
39 94 1.0
40 74 1.0
41 75 1.0
42 78 1.0
43 67 1.0
44 85 1.0
45 72 1.0
46 73 1.0
47 62 1.0
