148
300
74 75 1.0
74 76 1.0
74 77 1.0
74 78 1.0
74 79 1.0
74 0 1.0
74 80 1.0
74 81 1.0
74 82 1.0
74 83 1.0
75 74 1.0
75 38 1.0
76 74 1.0
76 54 1.0
77 74 1.0
77 52 1.0
78 74 1.0
78 53 1.0
79 74 1.0
79 33 1.0
0 74 1.0
80 74 1.0
80 99 1.0
80 124 1.0
80 125 1.0
80 126 1.0
80 45 1.0
81 74 1.0
81 39 1.0
82 74 1.0
82 84 1.0
82 8 1.0
82 91 1.0
82 92 1.0
82 93 1.0
82 94 1.0
83 74 1.0
83 32 1.0
84 82 1.0
84 1 1.0
1 84 1.0
2 85 1.0
85 2 1.0
85 99 1.0
85 106 1.0
85 123 1.0
85 129 1.0
85 144 1.0
85 145 1.0
85 146 1.0
3 86 1.0
86 3 1.0
86 101 1.0
4 87 1.0
87 4 1.0
87 101 1.0
5 88 1.0
88 5 1.0
88 89 1.0
6 89 1.0
89 88 1.0
89 6 1.0
89 90 1.0
89 106 1.0
89 108 1.0
89 109 1.0
7 90 1.0
90 89 1.0
90 7 1.0
8 82 1.0
91 82 1.0
91 14 1.0
92 82 1.0
92 11 1.0
93 82 1.0
93 23 1.0
94 82 1.0
94 12 1.0
94 99 1.0
94 107 1.0
94 110 1.0
94 111 1.0
94 112 1.0
9 95 1.0
95 9 1.0
95 110 1.0
10 96 1.0
96 10 1.0
96 110 1.0
11 92 1.0
12 94 1.0
13 97 1.0
97 13 1.0
97 106 1.0
14 91 1.0
98 99 1.0
98 15 1.0
99 80 1.0
99 85 1.0
99 94 1.0
99 98 1.0
99 102 1.0
99 103 1.0
99 104 1.0
99 22 1.0
15 98 1.0
100 101 1.0
100 16 1.0
101 86 1.0
101 87 1.0
101 100 1.0
101 106 1.0
101 110 1.0
101 115 1.0
101 117 1.0
101 122 1.0
101 130 1.0
101 135 1.0
101 58 1.0
101 136 1.0
101 137 1.0
16 100 1.0
102 99 1.0
102 17 1.0
17 102 1.0
103 99 1.0
103 18 1.0
18 103 1.0
104 99 1.0
104 19 1.0
19 104 1.0
105 20 1.0
105 106 1.0
20 105 1.0
106 85 1.0
106 89 1.0
106 97 1.0
106 101 1.0
106 105 1.0
106 116 1.0
106 118 1.0
106 131 1.0
106 132 1.0
106 133 1.0
106 134 1.0
106 138 1.0
106 139 1.0
106 140 1.0
106 141 1.0
106 59 1.0
106 142 1.0
106 143 1.0
107 94 1.0
107 21 1.0
21 107 1.0
22 99 1.0
23 93 1.0
108 89 1.0
108 25 1.0
109 89 1.0
109 113 1.0
109 120 1.0
109 121 1.0
109 37 1.0
24 110 1.0
110 94 1.0
110 95 1.0
110 96 1.0
110 101 1.0
110 24 1.0
110 120 1.0
110 127 1.0
110 128 1.0
110 147 1.0
25 108 1.0
111 94 1.0
111 41 1.0
112 94 1.0
112 40 1.0
26 113 1.0
113 109 1.0
113 26 1.0
27 114 1.0
114 27 1.0
114 119 1.0
28 115 1.0
115 101 1.0
115 28 1.0
29 116 1.0
116 106 1.0
116 29 1.0
30 117 1.0
117 101 1.0
117 30 1.0
31 118 1.0
118 106 1.0
118 31 1.0
32 83 1.0
33 79 1.0
34 119 1.0
119 114 1.0
119 34 1.0
119 120 1.0
35 120 1.0
120 109 1.0
120 110 1.0
120 119 1.0
120 35 1.0
121 109 1.0
121 36 1.0
36 121 1.0
37 109 1.0
38 75 1.0
39 81 1.0
40 112 1.0
41 111 1.0
122 101 1.0
122 42 1.0
42 122 1.0
123 85 1.0
123 43 1.0
43 123 1.0
124 80 1.0
124 44 1.0
44 124 1.0
125 80 1.0
125 73 1.0
126 80 1.0
126 55 1.0
45 80 1.0
127 110 1.0
127 46 1.0
46 127 1.0
128 110 1.0
128 47 1.0
47 128 1.0
129 85 1.0
129 48 1.0
48 129 1.0
130 101 1.0
130 49 1.0
49 130 1.0
50 131 1.0
131 106 1.0
131 50 1.0
51 132 1.0
132 106 1.0
132 51 1.0
52 77 1.0
53 78 1.0
54 76 1.0
55 126 1.0
133 106 1.0
133 56 1.0
56 133 1.0
134 106 1.0
134 57 1.0
57 134 1.0
135 101 1.0
135 65 1.0
58 101 1.0
136 101 1.0
136 67 1.0
137 101 1.0
137 69 1.0
138 106 1.0
138 62 1.0
139 106 1.0
139 61 1.0
140 106 1.0
140 66 1.0
141 106 1.0
141 64 1.0
59 106 1.0
142 106 1.0
142 63 1.0
143 106 1.0
143 60 1.0
60 143 1.0
61 139 1.0
62 138 1.0
63 142 1.0
64 141 1.0
65 135 1.0
66 140 1.0
67 136 1.0
144 85 1.0
144 68 1.0
68 144 1.0
69 137 1.0
70 145 1.0
145 85 1.0
145 70 1.0
71 146 1.0
146 85 1.0
146 71 1.0
72 147 1.0
147 110 1.0
147 72 1.0
73 125 1.0
