30
62
0 15 1.0
15 0 1.0
15 21 1.0
15 22 1.0
1 16 1.0
16 1 1.0
16 22 1.0
16 25 1.0
2 17 1.0
17 2 1.0
17 20 1.0
17 24 1.0
3 18 1.0
18 3 1.0
18 19 1.0
18 24 1.0
4 19 1.0
19 18 1.0
19 4 1.0
19 23 1.0
5 20 1.0
20 17 1.0
20 5 1.0
20 23 1.0
6 21 1.0
21 15 1.0
21 6 1.0
21 24 1.0
7 22 1.0
22 15 1.0
22 16 1.0
22 7 1.0
8 23 1.0
23 19 1.0
23 20 1.0
23 8 1.0
9 24 1.0
24 17 1.0
24 18 1.0
24 21 1.0
24 9 1.0
24 26 1.0
25 16 1.0
25 29 1.0
25 13 1.0
26 24 1.0
26 27 1.0
26 14 1.0
27 26 1.0
27 10 1.0
27 28 1.0
10 27 1.0
28 27 1.0
28 29 1.0
28 11 1.0
29 25 1.0
29 28 1.0
29 12 1.0
11 28 1.0
12 29 1.0
13 25 1.0
14 26 1.0
