100
236
50 51 1.0
50 0 1.0
51 50 1.0
51 62 1.0
51 72 1.0
51 30 1.0
0 50 1.0
52 1 1.0
52 53 1.0
52 54 1.0
1 52 1.0
53 52 1.0
53 70 1.0
53 31 1.0
54 52 1.0
54 62 1.0
54 11 1.0
54 65 1.0
2 55 1.0
55 2 1.0
55 97 1.0
55 98 1.0
3 56 1.0
56 3 1.0
56 57 1.0
56 58 1.0
56 61 1.0
56 62 1.0
56 67 1.0
4 57 1.0
57 56 1.0
57 4 1.0
57 60 1.0
57 68 1.0
5 58 1.0
58 56 1.0
58 5 1.0
58 71 1.0
6 59 1.0
59 6 1.0
59 60 1.0
59 68 1.0
7 60 1.0
60 57 1.0
60 59 1.0
60 7 1.0
61 56 1.0
61 62 1.0
61 8 1.0
62 51 1.0
62 54 1.0
62 56 1.0
62 61 1.0
62 76 1.0
62 26 1.0
62 85 1.0
62 86 1.0
62 88 1.0
62 93 1.0
62 94 1.0
8 61 1.0
9 63 1.0
63 9 1.0
63 64 1.0
63 70 1.0
10 64 1.0
64 63 1.0
64 10 1.0
64 66 1.0
11 54 1.0
65 54 1.0
65 27 1.0
65 86 1.0
12 66 1.0
66 64 1.0
66 12 1.0
66 67 1.0
66 72 1.0
13 67 1.0
67 56 1.0
67 66 1.0
67 13 1.0
68 57 1.0
68 59 1.0
68 15 1.0
68 71 1.0
14 69 1.0
69 14 1.0
69 73 1.0
69 99 1.0
70 53 1.0
70 63 1.0
70 72 1.0
70 28 1.0
15 68 1.0
71 58 1.0
71 68 1.0
71 78 1.0
71 83 1.0
71 25 1.0
72 51 1.0
72 66 1.0
72 70 1.0
72 29 1.0
73 69 1.0
73 74 1.0
73 75 1.0
73 16 1.0
73 76 1.0
74 73 1.0
74 77 1.0
74 17 1.0
75 73 1.0
75 80 1.0
75 20 1.0
75 81 1.0
16 73 1.0
76 62 1.0
76 73 1.0
76 78 1.0
76 79 1.0
76 80 1.0
76 85 1.0
76 91 1.0
76 93 1.0
76 94 1.0
76 39 1.0
77 74 1.0
77 22 1.0
77 82 1.0
17 74 1.0
78 71 1.0
78 76 1.0
78 18 1.0
18 78 1.0
79 76 1.0
79 19 1.0
19 79 1.0
80 75 1.0
80 76 1.0
80 44 1.0
20 75 1.0
81 75 1.0
81 21 1.0
21 81 1.0
22 77 1.0
82 77 1.0
82 83 1.0
82 23 1.0
83 71 1.0
83 82 1.0
83 24 1.0
23 82 1.0
24 83 1.0
25 71 1.0
26 62 1.0
27 65 1.0
28 70 1.0
29 72 1.0
30 51 1.0
31 53 1.0
84 85 1.0
84 86 1.0
84 32 1.0
85 62 1.0
85 76 1.0
85 84 1.0
85 86 1.0
85 33 1.0
85 87 1.0
86 62 1.0
86 65 1.0
86 84 1.0
86 85 1.0
86 90 1.0
86 41 1.0
32 84 1.0
33 85 1.0
87 85 1.0
87 91 1.0
87 92 1.0
87 36 1.0
88 62 1.0
88 34 1.0
88 89 1.0
34 88 1.0
89 88 1.0
89 35 1.0
89 90 1.0
35 89 1.0
90 86 1.0
90 89 1.0
90 40 1.0
91 76 1.0
91 87 1.0
91 47 1.0
92 87 1.0
92 48 1.0
92 99 1.0
36 87 1.0
93 62 1.0
93 76 1.0
93 37 1.0
37 93 1.0
94 62 1.0
94 76 1.0
94 38 1.0
38 94 1.0
39 76 1.0
40 90 1.0
41 86 1.0
42 95 1.0
95 42 1.0
95 96 1.0
95 97 1.0
43 96 1.0
96 95 1.0
96 43 1.0
96 98 1.0
44 80 1.0
45 97 1.0
97 55 1.0
97 95 1.0
97 45 1.0
97 99 1.0
46 98 1.0
98 55 1.0
98 96 1.0
98 46 1.0
47 91 1.0
48 92 1.0
99 69 1.0
99 92 1.0
99 97 1.0
99 49 1.0
49 99 1.0
