84
210
42 43 1.0
42 0 1.0
42 44 1.0
43 42 1.0
43 45 1.0
43 53 1.0
43 11 1.0
43 61 1.0
0 42 1.0
44 42 1.0
44 51 1.0
44 52 1.0
44 9 1.0
44 54 1.0
44 56 1.0
44 60 1.0
44 62 1.0
44 63 1.0
44 66 1.0
1 45 1.0
45 43 1.0
45 1 1.0
45 46 1.0
45 59 1.0
45 61 1.0
2 46 1.0
46 45 1.0
46 2 1.0
46 59 1.0
46 60 1.0
3 47 1.0
47 3 1.0
47 57 1.0
47 67 1.0
4 48 1.0
48 4 1.0
48 51 1.0
48 57 1.0
5 49 1.0
49 5 1.0
49 50 1.0
49 51 1.0
49 62 1.0
49 63 1.0
6 50 1.0
50 49 1.0
50 6 1.0
50 62 1.0
7 51 1.0
51 44 1.0
51 48 1.0
51 49 1.0
51 7 1.0
51 52 1.0
51 64 1.0
51 65 1.0
8 52 1.0
52 44 1.0
52 51 1.0
52 8 1.0
9 44 1.0
10 53 1.0
53 43 1.0
53 10 1.0
53 67 1.0
53 68 1.0
11 43 1.0
12 54 1.0
54 44 1.0
54 12 1.0
54 55 1.0
54 79 1.0
54 80 1.0
54 81 1.0
54 82 1.0
13 55 1.0
55 54 1.0
55 13 1.0
55 56 1.0
56 44 1.0
56 55 1.0
56 14 1.0
14 56 1.0
15 57 1.0
57 47 1.0
57 48 1.0
57 15 1.0
57 67 1.0
57 69 1.0
57 78 1.0
16 58 1.0
58 16 1.0
58 70 1.0
59 45 1.0
59 46 1.0
59 40 1.0
60 44 1.0
60 46 1.0
60 61 1.0
60 17 1.0
60 63 1.0
61 43 1.0
61 45 1.0
61 60 1.0
61 18 1.0
17 60 1.0
18 61 1.0
62 44 1.0
62 49 1.0
62 50 1.0
62 19 1.0
62 69 1.0
62 70 1.0
63 44 1.0
63 49 1.0
63 60 1.0
63 66 1.0
63 69 1.0
63 37 1.0
63 83 1.0
64 51 1.0
64 67 1.0
64 36 1.0
65 51 1.0
65 20 1.0
66 44 1.0
66 63 1.0
66 35 1.0
67 47 1.0
67 53 1.0
67 57 1.0
67 64 1.0
67 69 1.0
67 70 1.0
67 22 1.0
68 53 1.0
68 32 1.0
19 62 1.0
69 57 1.0
69 62 1.0
69 63 1.0
69 67 1.0
69 70 1.0
69 71 1.0
69 77 1.0
69 23 1.0
69 78 1.0
70 58 1.0
70 62 1.0
70 67 1.0
70 69 1.0
70 21 1.0
70 71 1.0
70 72 1.0
70 73 1.0
70 74 1.0
70 75 1.0
70 76 1.0
20 65 1.0
21 70 1.0
71 69 1.0
71 70 1.0
71 39 1.0
72 70 1.0
72 29 1.0
73 70 1.0
73 30 1.0
74 70 1.0
74 24 1.0
75 70 1.0
75 31 1.0
76 70 1.0
76 25 1.0
22 67 1.0
77 69 1.0
77 38 1.0
77 83 1.0
23 69 1.0
78 57 1.0
78 69 1.0
78 26 1.0
24 74 1.0
25 76 1.0
26 78 1.0
79 54 1.0
79 27 1.0
27 79 1.0
80 54 1.0
80 28 1.0
28 80 1.0
29 72 1.0
30 73 1.0
31 75 1.0
32 68 1.0
81 54 1.0
81 33 1.0
33 81 1.0
82 54 1.0
82 34 1.0
34 82 1.0
35 66 1.0
36 64 1.0
37 63 1.0
38 77 1.0
39 71 1.0
83 63 1.0
83 77 1.0
83 41 1.0
40 59 1.0
41 83 1.0
