146
286
73 74 1.0
73 0 1.0
74 73 1.0
74 95 1.0
74 51 1.0
0 73 1.0
75 1 1.0
75 76 1.0
1 75 1.0
76 75 1.0
76 83 1.0
76 86 1.0
76 101 1.0
76 54 1.0
2 77 1.0
77 2 1.0
77 87 1.0
3 78 1.0
78 3 1.0
78 95 1.0
4 79 1.0
79 4 1.0
79 113 1.0
5 80 1.0
80 5 1.0
80 87 1.0
6 81 1.0
81 6 1.0
81 87 1.0
7 82 1.0
82 7 1.0
82 114 1.0
83 76 1.0
83 8 1.0
8 83 1.0
9 84 1.0
84 9 1.0
84 85 1.0
10 85 1.0
85 84 1.0
85 10 1.0
85 87 1.0
86 76 1.0
86 11 1.0
11 86 1.0
12 87 1.0
87 77 1.0
87 80 1.0
87 81 1.0
87 85 1.0
87 12 1.0
87 88 1.0
87 89 1.0
87 90 1.0
87 95 1.0
87 99 1.0
87 113 1.0
87 114 1.0
87 116 1.0
87 117 1.0
87 118 1.0
87 119 1.0
87 120 1.0
87 121 1.0
87 122 1.0
87 123 1.0
87 124 1.0
87 125 1.0
87 126 1.0
13 88 1.0
88 87 1.0
88 13 1.0
89 87 1.0
89 14 1.0
14 89 1.0
90 87 1.0
90 15 1.0
15 90 1.0
91 92 1.0
91 16 1.0
92 91 1.0
92 95 1.0
92 96 1.0
92 97 1.0
92 98 1.0
92 140 1.0
92 141 1.0
92 57 1.0
92 142 1.0
92 143 1.0
16 91 1.0
93 94 1.0
93 17 1.0
93 95 1.0
94 93 1.0
94 72 1.0
17 93 1.0
95 74 1.0
95 78 1.0
95 87 1.0
95 92 1.0
95 93 1.0
95 100 1.0
95 101 1.0
95 102 1.0
95 103 1.0
95 22 1.0
95 104 1.0
95 105 1.0
95 106 1.0
95 107 1.0
95 108 1.0
95 109 1.0
95 110 1.0
95 111 1.0
96 92 1.0
96 18 1.0
18 96 1.0
97 92 1.0
97 19 1.0
19 97 1.0
98 92 1.0
98 20 1.0
20 98 1.0
99 87 1.0
99 21 1.0
21 99 1.0
100 95 1.0
100 53 1.0
101 76 1.0
101 95 1.0
101 52 1.0
102 95 1.0
102 37 1.0
103 95 1.0
103 43 1.0
103 137 1.0
22 95 1.0
104 95 1.0
104 32 1.0
104 130 1.0
105 95 1.0
105 23 1.0
106 95 1.0
106 127 1.0
106 27 1.0
107 95 1.0
107 128 1.0
107 38 1.0
108 95 1.0
108 36 1.0
109 95 1.0
109 60 1.0
110 95 1.0
110 33 1.0
111 95 1.0
111 34 1.0
23 105 1.0
24 112 1.0
112 24 1.0
112 119 1.0
113 79 1.0
113 87 1.0
113 63 1.0
114 82 1.0
114 87 1.0
114 25 1.0
114 115 1.0
25 114 1.0
115 114 1.0
115 29 1.0
116 87 1.0
116 67 1.0
117 87 1.0
117 71 1.0
118 87 1.0
118 47 1.0
119 87 1.0
119 112 1.0
119 69 1.0
119 145 1.0
120 87 1.0
120 39 1.0
121 87 1.0
121 45 1.0
121 138 1.0
122 87 1.0
122 66 1.0
123 87 1.0
123 131 1.0
123 139 1.0
123 48 1.0
124 87 1.0
124 28 1.0
125 87 1.0
125 40 1.0
126 87 1.0
126 68 1.0
26 127 1.0
127 106 1.0
127 26 1.0
27 106 1.0
28 124 1.0
29 115 1.0
30 128 1.0
128 107 1.0
128 30 1.0
31 129 1.0
129 31 1.0
32 104 1.0
33 110 1.0
34 111 1.0
35 130 1.0
130 104 1.0
130 35 1.0
36 108 1.0
37 102 1.0
38 107 1.0
39 120 1.0
40 125 1.0
131 123 1.0
131 41 1.0
131 132 1.0
131 133 1.0
131 134 1.0
131 135 1.0
131 136 1.0
41 131 1.0
132 131 1.0
132 50 1.0
133 131 1.0
133 65 1.0
134 131 1.0
134 62 1.0
135 131 1.0
135 61 1.0
136 131 1.0
136 42 1.0
42 136 1.0
43 103 1.0
137 103 1.0
137 44 1.0
44 137 1.0
45 121 1.0
138 121 1.0
138 46 1.0
46 138 1.0
47 118 1.0
139 123 1.0
139 49 1.0
48 123 1.0
49 139 1.0
50 132 1.0
51 74 1.0
52 101 1.0
53 100 1.0
54 76 1.0
140 92 1.0
140 55 1.0
55 140 1.0
141 92 1.0
141 56 1.0
56 141 1.0
57 92 1.0
142 92 1.0
142 58 1.0
143 92 1.0
143 64 1.0
58 142 1.0
144 59 1.0
59 144 1.0
60 109 1.0
61 135 1.0
62 134 1.0
63 113 1.0
64 143 1.0
65 133 1.0
66 122 1.0
67 116 1.0
68 126 1.0
69 119 1.0
70 145 1.0
145 119 1.0
145 70 1.0
71 117 1.0
72 94 1.0
