106
284
53 54 1.0
53 0 1.0
53 55 1.0
54 53 1.0
54 56 1.0
54 57 1.0
54 99 1.0
54 34 1.0
0 53 1.0
55 53 1.0
55 63 1.0
55 74 1.0
55 76 1.0
55 93 1.0
55 33 1.0
56 54 1.0
56 57 1.0
56 58 1.0
56 1 1.0
57 54 1.0
57 56 1.0
57 58 1.0
57 65 1.0
57 72 1.0
57 11 1.0
57 73 1.0
58 56 1.0
58 57 1.0
58 65 1.0
58 66 1.0
58 67 1.0
58 68 1.0
58 8 1.0
58 69 1.0
1 56 1.0
2 59 1.0
59 2 1.0
59 85 1.0
59 86 1.0
59 87 1.0
3 60 1.0
60 3 1.0
60 61 1.0
60 78 1.0
60 81 1.0
4 61 1.0
61 60 1.0
61 4 1.0
61 62 1.0
61 79 1.0
61 80 1.0
61 81 1.0
5 62 1.0
62 61 1.0
62 5 1.0
62 63 1.0
6 63 1.0
63 55 1.0
63 62 1.0
63 6 1.0
63 74 1.0
7 64 1.0
64 7 1.0
64 76 1.0
64 77 1.0
65 57 1.0
65 58 1.0
65 67 1.0
65 90 1.0
65 29 1.0
65 103 1.0
65 105 1.0
66 58 1.0
66 72 1.0
66 30 1.0
67 58 1.0
67 65 1.0
67 70 1.0
67 73 1.0
67 82 1.0
67 90 1.0
67 91 1.0
67 95 1.0
67 96 1.0
67 97 1.0
67 98 1.0
67 38 1.0
68 58 1.0
68 69 1.0
68 103 1.0
68 105 1.0
68 46 1.0
8 58 1.0
69 58 1.0
69 68 1.0
69 103 1.0
69 52 1.0
9 70 1.0
70 67 1.0
70 9 1.0
70 71 1.0
70 83 1.0
70 84 1.0
70 85 1.0
10 71 1.0
71 70 1.0
71 10 1.0
71 82 1.0
72 57 1.0
72 66 1.0
72 73 1.0
72 36 1.0
11 57 1.0
73 57 1.0
73 67 1.0
73 72 1.0
73 82 1.0
73 83 1.0
73 84 1.0
73 39 1.0
73 102 1.0
12 74 1.0
74 55 1.0
74 63 1.0
74 12 1.0
74 76 1.0
74 78 1.0
74 88 1.0
74 89 1.0
13 75 1.0
75 13 1.0
75 80 1.0
75 88 1.0
76 55 1.0
76 64 1.0
76 74 1.0
76 77 1.0
76 14 1.0
77 64 1.0
77 76 1.0
77 78 1.0
77 15 1.0
14 76 1.0
78 60 1.0
78 74 1.0
78 77 1.0
78 16 1.0
15 77 1.0
16 78 1.0
17 79 1.0
79 61 1.0
79 17 1.0
79 81 1.0
79 84 1.0
80 61 1.0
80 75 1.0
80 93 1.0
80 23 1.0
81 60 1.0
81 61 1.0
81 79 1.0
81 41 1.0
82 67 1.0
82 71 1.0
82 73 1.0
82 96 1.0
82 35 1.0
83 70 1.0
83 73 1.0
83 84 1.0
83 86 1.0
83 18 1.0
83 87 1.0
84 70 1.0
84 73 1.0
84 79 1.0
84 83 1.0
84 101 1.0
84 37 1.0
85 59 1.0
85 70 1.0
85 92 1.0
85 50 1.0
86 59 1.0
86 83 1.0
86 49 1.0
18 83 1.0
87 59 1.0
87 83 1.0
87 19 1.0
88 74 1.0
88 75 1.0
88 93 1.0
88 22 1.0
89 74 1.0
89 45 1.0
19 87 1.0
90 65 1.0
90 67 1.0
90 91 1.0
90 20 1.0
91 67 1.0
91 90 1.0
91 25 1.0
91 94 1.0
20 90 1.0
92 85 1.0
92 21 1.0
21 92 1.0
93 55 1.0
93 80 1.0
93 88 1.0
93 24 1.0
22 88 1.0
23 80 1.0
24 93 1.0
25 91 1.0
94 91 1.0
94 95 1.0
94 26 1.0
95 67 1.0
95 94 1.0
95 27 1.0
95 96 1.0
95 97 1.0
95 98 1.0
26 94 1.0
27 95 1.0
96 67 1.0
96 82 1.0
96 95 1.0
96 43 1.0
97 67 1.0
97 95 1.0
97 44 1.0
97 104 1.0
98 67 1.0
98 95 1.0
98 28 1.0
28 98 1.0
29 65 1.0
30 66 1.0
31 99 1.0
99 54 1.0
99 31 1.0
99 100 1.0
32 100 1.0
100 99 1.0
100 32 1.0
33 55 1.0
34 54 1.0
35 82 1.0
36 72 1.0
101 84 1.0
101 102 1.0
101 40 1.0
37 84 1.0
38 67 1.0
39 73 1.0
102 73 1.0
102 101 1.0
102 47 1.0
40 101 1.0
41 81 1.0
103 65 1.0
103 68 1.0
103 69 1.0
103 42 1.0
42 103 1.0
43 96 1.0
44 97 1.0
104 97 1.0
104 48 1.0
105 65 1.0
105 68 1.0
105 51 1.0
45 89 1.0
46 68 1.0
47 102 1.0
48 104 1.0
49 86 1.0
50 85 1.0
51 105 1.0
52 69 1.0
