152
382
76 77 1.0
76 0 1.0
76 78 1.0
77 76 1.0
77 97 1.0
77 34 1.0
0 76 1.0
78 76 1.0
78 80 1.0
78 140 1.0
78 56 1.0
79 1 1.0
79 80 1.0
79 81 1.0
1 79 1.0
80 78 1.0
80 79 1.0
80 88 1.0
80 95 1.0
80 96 1.0
80 99 1.0
80 57 1.0
81 79 1.0
81 88 1.0
81 8 1.0
81 89 1.0
2 82 1.0
82 2 1.0
82 104 1.0
82 109 1.0
82 150 1.0
82 151 1.0
3 83 1.0
83 3 1.0
83 85 1.0
83 87 1.0
83 93 1.0
83 102 1.0
83 116 1.0
83 117 1.0
83 118 1.0
83 119 1.0
83 120 1.0
4 84 1.0
84 4 1.0
84 87 1.0
84 102 1.0
5 85 1.0
85 83 1.0
85 5 1.0
85 93 1.0
85 116 1.0
6 86 1.0
86 6 1.0
86 102 1.0
86 114 1.0
7 87 1.0
87 83 1.0
87 84 1.0
87 7 1.0
88 80 1.0
88 81 1.0
88 94 1.0
88 116 1.0
88 132 1.0
88 133 1.0
88 47 1.0
88 140 1.0
8 81 1.0
89 81 1.0
89 11 1.0
9 90 1.0
90 9 1.0
90 91 1.0
90 102 1.0
90 104 1.0
90 111 1.0
90 120 1.0
90 121 1.0
90 122 1.0
90 123 1.0
10 91 1.0
91 90 1.0
91 10 1.0
91 104 1.0
11 89 1.0
12 92 1.0
92 12 1.0
92 118 1.0
92 125 1.0
92 126 1.0
13 93 1.0
93 83 1.0
93 85 1.0
93 13 1.0
94 88 1.0
94 14 1.0
94 95 1.0
14 94 1.0
95 80 1.0
95 94 1.0
95 15 1.0
15 95 1.0
96 80 1.0
96 16 1.0
96 97 1.0
96 98 1.0
16 96 1.0
97 77 1.0
97 96 1.0
97 100 1.0
97 102 1.0
97 35 1.0
97 135 1.0
98 96 1.0
98 116 1.0
98 127 1.0
98 27 1.0
98 131 1.0
98 133 1.0
99 80 1.0
99 100 1.0
99 17 1.0
99 101 1.0
99 102 1.0
100 97 1.0
100 99 1.0
100 54 1.0
17 99 1.0
101 99 1.0
101 102 1.0
101 111 1.0
101 113 1.0
101 29 1.0
102 83 1.0
102 84 1.0
102 86 1.0
102 90 1.0
102 97 1.0
102 99 1.0
102 101 1.0
102 104 1.0
102 111 1.0
102 114 1.0
102 116 1.0
102 28 1.0
102 134 1.0
103 18 1.0
103 104 1.0
103 105 1.0
18 103 1.0
104 82 1.0
104 90 1.0
104 91 1.0
104 102 1.0
104 103 1.0
104 114 1.0
104 115 1.0
104 118 1.0
104 122 1.0
104 142 1.0
104 145 1.0
104 74 1.0
105 103 1.0
105 111 1.0
105 130 1.0
105 145 1.0
105 71 1.0
106 19 1.0
19 106 1.0
107 108 1.0
107 109 1.0
107 110 1.0
107 111 1.0
107 20 1.0
108 107 1.0
108 65 1.0
109 82 1.0
109 107 1.0
109 43 1.0
110 107 1.0
110 42 1.0
111 90 1.0
111 101 1.0
111 102 1.0
111 105 1.0
111 107 1.0
111 113 1.0
111 23 1.0
20 107 1.0
112 21 1.0
21 112 1.0
113 101 1.0
113 111 1.0
113 22 1.0
22 113 1.0
23 111 1.0
114 86 1.0
114 102 1.0
114 104 1.0
114 125 1.0
114 141 1.0
114 142 1.0
114 48 1.0
24 115 1.0
115 104 1.0
115 24 1.0
115 149 1.0
116 83 1.0
116 85 1.0
116 88 1.0
116 98 1.0
116 102 1.0
116 67 1.0
117 83 1.0
117 119 1.0
117 120 1.0
117 136 1.0
117 39 1.0
117 137 1.0
118 83 1.0
118 92 1.0
118 104 1.0
118 30 1.0
118 137 1.0
118 141 1.0
118 144 1.0
119 83 1.0
119 117 1.0
119 136 1.0
119 139 1.0
119 45 1.0
120 83 1.0
120 90 1.0
120 117 1.0
120 124 1.0
120 137 1.0
120 147 1.0
120 75 1.0
121 90 1.0
121 124 1.0
121 66 1.0
122 90 1.0
122 104 1.0
122 62 1.0
123 90 1.0
123 25 1.0
123 124 1.0
25 123 1.0
124 120 1.0
124 121 1.0
124 123 1.0
124 69 1.0
125 92 1.0
125 114 1.0
125 59 1.0
126 92 1.0
126 144 1.0
126 60 1.0
26 127 1.0
127 98 1.0
127 26 1.0
127 133 1.0
27 98 1.0
28 102 1.0
29 101 1.0
30 118 1.0
31 128 1.0
128 31 1.0
128 130 1.0
32 129 1.0
129 32 1.0
33 130 1.0
130 105 1.0
130 128 1.0
130 33 1.0
130 145 1.0
34 77 1.0
35 97 1.0
131 98 1.0
131 36 1.0
131 132 1.0
131 133 1.0
36 131 1.0
132 88 1.0
132 131 1.0
132 46 1.0
133 88 1.0
133 98 1.0
133 127 1.0
133 131 1.0
133 37 1.0
37 133 1.0
134 102 1.0
134 135 1.0
134 38 1.0
135 97 1.0
135 134 1.0
135 40 1.0
38 134 1.0
136 117 1.0
136 119 1.0
136 61 1.0
39 117 1.0
137 117 1.0
137 118 1.0
137 120 1.0
137 143 1.0
137 50 1.0
40 135 1.0
138 41 1.0
41 138 1.0
42 110 1.0
43 109 1.0
139 119 1.0
139 44 1.0
44 139 1.0
45 119 1.0
46 132 1.0
47 88 1.0
140 78 1.0
140 88 1.0
140 55 1.0
141 114 1.0
141 118 1.0
141 68 1.0
142 104 1.0
142 114 1.0
142 49 1.0
48 114 1.0
49 142 1.0
143 137 1.0
143 51 1.0
143 144 1.0
50 137 1.0
51 143 1.0
144 118 1.0
144 126 1.0
144 143 1.0
144 63 1.0
145 104 1.0
145 105 1.0
145 130 1.0
145 64 1.0
52 146 1.0
146 52 1.0
146 147 1.0
53 147 1.0
147 120 1.0
147 146 1.0
147 53 1.0
54 100 1.0
55 140 1.0
56 78 1.0
57 80 1.0
148 58 1.0
58 148 1.0
59 125 1.0
60 126 1.0
61 136 1.0
62 122 1.0
63 144 1.0
64 145 1.0
65 108 1.0
66 121 1.0
67 116 1.0
68 141 1.0
69 124 1.0
149 115 1.0
149 70 1.0
149 150 1.0
70 149 1.0
150 82 1.0
150 149 1.0
150 73 1.0
71 105 1.0
72 151 1.0
151 82 1.0
151 72 1.0
73 150 1.0
74 104 1.0
75 120 1.0
