164
328
82 0 1.0
82 83 1.0
0 82 1.0
83 82 1.0
83 85 1.0
83 99 1.0
83 124 1.0
83 125 1.0
83 42 1.0
83 129 1.0
83 130 1.0
83 131 1.0
83 132 1.0
83 133 1.0
84 85 1.0
84 1 1.0
85 83 1.0
85 84 1.0
85 86 1.0
85 87 1.0
85 88 1.0
85 89 1.0
85 90 1.0
85 91 1.0
85 92 1.0
85 93 1.0
85 95 1.0
85 96 1.0
85 97 1.0
85 99 1.0
85 100 1.0
85 101 1.0
85 102 1.0
85 103 1.0
85 104 1.0
85 106 1.0
85 107 1.0
85 109 1.0
85 110 1.0
85 112 1.0
85 113 1.0
85 114 1.0
85 116 1.0
85 117 1.0
85 118 1.0
85 119 1.0
85 121 1.0
85 126 1.0
85 127 1.0
85 138 1.0
85 139 1.0
85 140 1.0
85 141 1.0
85 142 1.0
85 143 1.0
85 144 1.0
85 145 1.0
85 146 1.0
85 147 1.0
85 148 1.0
85 149 1.0
85 150 1.0
85 151 1.0
85 152 1.0
85 153 1.0
85 154 1.0
85 155 1.0
85 156 1.0
85 45 1.0
85 157 1.0
85 158 1.0
85 159 1.0
85 160 1.0
85 161 1.0
85 162 1.0
1 84 1.0
2 86 1.0
86 85 1.0
86 2 1.0
3 87 1.0
87 85 1.0
87 3 1.0
4 88 1.0
88 85 1.0
88 4 1.0
5 89 1.0
89 85 1.0
89 5 1.0
6 90 1.0
90 85 1.0
90 6 1.0
90 94 1.0
7 91 1.0
91 85 1.0
91 7 1.0
92 85 1.0
92 8 1.0
8 92 1.0
9 93 1.0
93 85 1.0
93 9 1.0
10 94 1.0
94 90 1.0
94 10 1.0
95 85 1.0
95 11 1.0
11 95 1.0
12 96 1.0
96 85 1.0
96 12 1.0
96 111 1.0
13 97 1.0
97 85 1.0
97 13 1.0
98 14 1.0
98 99 1.0
14 98 1.0
99 83 1.0
99 85 1.0
99 98 1.0
99 105 1.0
99 108 1.0
99 115 1.0
99 120 1.0
99 122 1.0
99 123 1.0
99 43 1.0
99 134 1.0
99 135 1.0
99 136 1.0
99 137 1.0
100 85 1.0
100 15 1.0
15 100 1.0
101 85 1.0
101 16 1.0
16 101 1.0
102 85 1.0
102 17 1.0
17 102 1.0
103 85 1.0
103 18 1.0
18 103 1.0
104 85 1.0
104 19 1.0
19 104 1.0
105 99 1.0
105 20 1.0
20 105 1.0
106 85 1.0
106 21 1.0
21 106 1.0
107 85 1.0
107 22 1.0
22 107 1.0
108 99 1.0
108 23 1.0
23 108 1.0
24 109 1.0
109 85 1.0
109 24 1.0
110 85 1.0
110 25 1.0
25 110 1.0
111 96 1.0
111 68 1.0
26 112 1.0
112 85 1.0
112 26 1.0
27 113 1.0
113 85 1.0
113 27 1.0
28 114 1.0
114 85 1.0
114 28 1.0
29 115 1.0
115 99 1.0
115 29 1.0
30 116 1.0
116 85 1.0
116 30 1.0
31 117 1.0
117 85 1.0
117 31 1.0
32 118 1.0
118 85 1.0
118 32 1.0
33 119 1.0
119 85 1.0
119 33 1.0
34 120 1.0
120 99 1.0
120 34 1.0
35 121 1.0
121 85 1.0
121 35 1.0
122 99 1.0
122 36 1.0
36 122 1.0
123 99 1.0
123 37 1.0
37 123 1.0
124 83 1.0
124 38 1.0
38 124 1.0
125 83 1.0
125 39 1.0
39 125 1.0
126 85 1.0
126 40 1.0
40 126 1.0
127 85 1.0
127 41 1.0
127 128 1.0
41 127 1.0
128 127 1.0
128 65 1.0
42 83 1.0
129 83 1.0
129 63 1.0
130 83 1.0
130 61 1.0
131 83 1.0
131 60 1.0
132 83 1.0
132 59 1.0
133 83 1.0
133 58 1.0
43 99 1.0
134 99 1.0
134 75 1.0
135 99 1.0
135 62 1.0
136 99 1.0
136 50 1.0
137 99 1.0
137 44 1.0
44 137 1.0
138 85 1.0
138 70 1.0
139 85 1.0
139 55 1.0
140 85 1.0
140 46 1.0
141 85 1.0
141 80 1.0
142 85 1.0
142 52 1.0
143 85 1.0
143 72 1.0
144 85 1.0
144 56 1.0
145 85 1.0
145 163 1.0
145 67 1.0
146 85 1.0
146 81 1.0
147 85 1.0
147 73 1.0
148 85 1.0
148 71 1.0
149 85 1.0
149 57 1.0
150 85 1.0
150 51 1.0
151 85 1.0
151 74 1.0
152 85 1.0
152 69 1.0
153 85 1.0
153 48 1.0
154 85 1.0
154 66 1.0
155 85 1.0
155 47 1.0
156 85 1.0
156 79 1.0
45 85 1.0
157 85 1.0
157 77 1.0
158 85 1.0
158 78 1.0
159 85 1.0
159 76 1.0
160 85 1.0
160 49 1.0
161 85 1.0
161 53 1.0
162 85 1.0
162 54 1.0
46 140 1.0
47 155 1.0
48 153 1.0
49 160 1.0
50 136 1.0
51 150 1.0
52 142 1.0
53 161 1.0
54 162 1.0
55 139 1.0
56 144 1.0
57 149 1.0
58 133 1.0
59 132 1.0
60 131 1.0
61 130 1.0
62 135 1.0
63 129 1.0
163 145 1.0
163 64 1.0
64 163 1.0
65 128 1.0
66 154 1.0
67 145 1.0
68 111 1.0
69 152 1.0
70 138 1.0
71 148 1.0
72 143 1.0
73 147 1.0
74 151 1.0
75 134 1.0
76 159 1.0
77 157 1.0
78 158 1.0
79 156 1.0
80 141 1.0
81 146 1.0
