148
350
74 75 1.0
74 76 1.0
74 77 1.0
74 78 1.0
74 79 1.0
74 0 1.0
74 80 1.0
75 74 1.0
75 85 1.0
75 91 1.0
75 12 1.0
75 116 1.0
75 117 1.0
76 74 1.0
76 80 1.0
76 83 1.0
76 97 1.0
76 105 1.0
76 54 1.0
77 74 1.0
77 125 1.0
77 38 1.0
78 74 1.0
78 98 1.0
78 23 1.0
79 74 1.0
79 80 1.0
79 9 1.0
79 110 1.0
79 112 1.0
0 74 1.0
80 74 1.0
80 76 1.0
80 79 1.0
80 92 1.0
80 113 1.0
80 117 1.0
80 139 1.0
80 53 1.0
81 82 1.0
81 83 1.0
81 84 1.0
81 1 1.0
82 81 1.0
82 11 1.0
83 76 1.0
83 81 1.0
83 103 1.0
83 55 1.0
84 81 1.0
84 91 1.0
84 8 1.0
84 92 1.0
1 81 1.0
2 85 1.0
85 75 1.0
85 2 1.0
3 86 1.0
86 3 1.0
86 104 1.0
86 109 1.0
4 87 1.0
87 4 1.0
87 89 1.0
87 108 1.0
5 88 1.0
88 5 1.0
88 90 1.0
88 106 1.0
6 89 1.0
89 87 1.0
89 6 1.0
89 106 1.0
7 90 1.0
90 88 1.0
90 7 1.0
90 93 1.0
91 75 1.0
91 84 1.0
91 21 1.0
8 84 1.0
92 80 1.0
92 84 1.0
92 99 1.0
92 45 1.0
9 79 1.0
10 93 1.0
93 90 1.0
93 10 1.0
93 110 1.0
93 111 1.0
11 82 1.0
12 75 1.0
13 94 1.0
94 13 1.0
94 114 1.0
94 115 1.0
95 96 1.0
95 97 1.0
95 98 1.0
95 14 1.0
96 95 1.0
96 18 1.0
97 76 1.0
97 95 1.0
97 99 1.0
97 15 1.0
98 78 1.0
98 95 1.0
98 22 1.0
14 95 1.0
99 92 1.0
99 97 1.0
99 102 1.0
99 44 1.0
99 131 1.0
15 97 1.0
100 101 1.0
100 16 1.0
101 100 1.0
101 119 1.0
101 121 1.0
101 143 1.0
101 147 1.0
101 64 1.0
16 100 1.0
102 99 1.0
102 17 1.0
17 102 1.0
18 96 1.0
103 83 1.0
103 19 1.0
19 103 1.0
104 86 1.0
104 105 1.0
104 20 1.0
105 76 1.0
105 104 1.0
105 108 1.0
105 113 1.0
105 34 1.0
105 135 1.0
105 138 1.0
20 104 1.0
21 91 1.0
22 98 1.0
23 78 1.0
106 88 1.0
106 89 1.0
106 110 1.0
106 25 1.0
106 113 1.0
24 107 1.0
107 24 1.0
107 112 1.0
108 87 1.0
108 105 1.0
108 113 1.0
108 118 1.0
108 27 1.0
109 86 1.0
109 113 1.0
109 145 1.0
109 59 1.0
110 79 1.0
110 93 1.0
110 106 1.0
110 113 1.0
110 46 1.0
110 132 1.0
111 93 1.0
111 28 1.0
112 79 1.0
112 107 1.0
112 117 1.0
112 133 1.0
112 68 1.0
25 106 1.0
113 80 1.0
113 105 1.0
113 106 1.0
113 108 1.0
113 109 1.0
113 110 1.0
113 35 1.0
113 136 1.0
113 137 1.0
114 94 1.0
114 42 1.0
114 129 1.0
115 94 1.0
115 134 1.0
115 62 1.0
116 75 1.0
116 127 1.0
116 41 1.0
117 75 1.0
117 80 1.0
117 112 1.0
117 128 1.0
117 71 1.0
26 118 1.0
118 108 1.0
118 26 1.0
118 126 1.0
27 108 1.0
28 111 1.0
29 119 1.0
119 101 1.0
119 29 1.0
30 120 1.0
120 30 1.0
120 138 1.0
31 121 1.0
121 101 1.0
121 31 1.0
32 122 1.0
122 32 1.0
122 123 1.0
122 139 1.0
33 123 1.0
123 122 1.0
123 33 1.0
123 125 1.0
34 105 1.0
35 113 1.0
124 125 1.0
124 126 1.0
124 36 1.0
125 77 1.0
125 123 1.0
125 124 1.0
125 39 1.0
126 118 1.0
126 124 1.0
126 37 1.0
36 124 1.0
37 126 1.0
38 77 1.0
39 125 1.0
127 116 1.0
127 128 1.0
127 40 1.0
128 117 1.0
128 127 1.0
128 70 1.0
40 127 1.0
41 116 1.0
42 114 1.0
129 114 1.0
129 130 1.0
129 43 1.0
130 129 1.0
130 134 1.0
130 136 1.0
130 49 1.0
43 129 1.0
44 99 1.0
131 99 1.0
131 73 1.0
45 92 1.0
46 110 1.0
132 110 1.0
132 133 1.0
132 47 1.0
133 112 1.0
133 132 1.0
133 72 1.0
47 132 1.0
134 115 1.0
134 130 1.0
134 135 1.0
134 48 1.0
135 105 1.0
135 134 1.0
135 136 1.0
135 50 1.0
135 143 1.0
48 134 1.0
136 113 1.0
136 130 1.0
136 135 1.0
136 140 1.0
136 69 1.0
49 130 1.0
137 113 1.0
137 142 1.0
137 58 1.0
138 105 1.0
138 120 1.0
138 141 1.0
138 142 1.0
138 144 1.0
138 145 1.0
138 60 1.0
139 80 1.0
139 122 1.0
139 52 1.0
50 135 1.0
51 140 1.0
140 136 1.0
140 51 1.0
140 141 1.0
140 143 1.0
52 139 1.0
53 80 1.0
54 76 1.0
55 83 1.0
141 138 1.0
141 140 1.0
141 142 1.0
141 56 1.0
141 143 1.0
142 137 1.0
142 138 1.0
142 141 1.0
142 61 1.0
56 141 1.0
143 101 1.0
143 135 1.0
143 140 1.0
143 141 1.0
143 146 1.0
143 66 1.0
144 138 1.0
144 57 1.0
57 144 1.0
58 137 1.0
145 109 1.0
145 138 1.0
145 65 1.0
59 109 1.0
60 138 1.0
61 142 1.0
62 115 1.0
146 143 1.0
146 63 1.0
63 146 1.0
147 101 1.0
147 67 1.0
64 101 1.0
65 145 1.0
66 143 1.0
67 147 1.0
68 112 1.0
69 136 1.0
70 128 1.0
71 117 1.0
72 133 1.0
73 131 1.0
