138
330
69 70 1.0
69 71 1.0
69 0 1.0
69 72 1.0
69 73 1.0
69 74 1.0
69 75 1.0
70 69 1.0
70 12 1.0
70 100 1.0
71 69 1.0
71 85 1.0
71 96 1.0
71 97 1.0
71 17 1.0
71 98 1.0
0 69 1.0
72 69 1.0
72 74 1.0
72 89 1.0
72 99 1.0
72 104 1.0
72 113 1.0
72 119 1.0
72 49 1.0
73 69 1.0
73 107 1.0
73 124 1.0
73 63 1.0
74 69 1.0
74 72 1.0
74 81 1.0
74 82 1.0
74 85 1.0
74 114 1.0
74 124 1.0
74 128 1.0
74 48 1.0
75 69 1.0
75 103 1.0
75 26 1.0
76 1 1.0
76 77 1.0
76 78 1.0
1 76 1.0
77 76 1.0
77 85 1.0
77 11 1.0
78 76 1.0
78 20 1.0
78 99 1.0
2 79 1.0
79 2 1.0
79 107 1.0
79 137 1.0
3 80 1.0
80 3 1.0
80 81 1.0
80 98 1.0
4 81 1.0
81 74 1.0
81 80 1.0
81 4 1.0
81 107 1.0
5 82 1.0
82 74 1.0
82 5 1.0
6 83 1.0
83 6 1.0
83 95 1.0
83 105 1.0
7 84 1.0
84 7 1.0
84 93 1.0
84 108 1.0
84 112 1.0
84 113 1.0
85 71 1.0
85 74 1.0
85 77 1.0
85 86 1.0
85 8 1.0
86 85 1.0
86 100 1.0
86 120 1.0
86 40 1.0
8 85 1.0
9 87 1.0
87 9 1.0
87 110 1.0
87 111 1.0
10 88 1.0
88 10 1.0
88 108 1.0
88 109 1.0
11 77 1.0
12 70 1.0
13 89 1.0
89 72 1.0
89 13 1.0
89 100 1.0
90 14 1.0
90 91 1.0
90 92 1.0
14 90 1.0
91 90 1.0
91 103 1.0
91 34 1.0
92 90 1.0
92 111 1.0
92 32 1.0
93 84 1.0
93 94 1.0
93 15 1.0
93 95 1.0
94 93 1.0
94 125 1.0
94 58 1.0
15 93 1.0
95 83 1.0
95 93 1.0
95 112 1.0
95 25 1.0
96 71 1.0
96 16 1.0
16 96 1.0
97 71 1.0
97 19 1.0
17 71 1.0
98 71 1.0
98 80 1.0
98 18 1.0
18 98 1.0
19 97 1.0
20 78 1.0
99 72 1.0
99 78 1.0
99 50 1.0
100 70 1.0
100 86 1.0
100 89 1.0
100 21 1.0
21 100 1.0
101 22 1.0
101 102 1.0
101 103 1.0
22 101 1.0
102 101 1.0
102 28 1.0
102 128 1.0
103 75 1.0
103 91 1.0
103 101 1.0
103 33 1.0
104 72 1.0
104 23 1.0
23 104 1.0
105 83 1.0
105 125 1.0
105 57 1.0
24 106 1.0
106 24 1.0
106 122 1.0
106 124 1.0
107 73 1.0
107 79 1.0
107 81 1.0
107 116 1.0
107 36 1.0
108 84 1.0
108 88 1.0
108 117 1.0
108 118 1.0
108 37 1.0
109 88 1.0
109 59 1.0
110 87 1.0
110 123 1.0
110 51 1.0
111 87 1.0
111 92 1.0
111 113 1.0
111 114 1.0
111 29 1.0
112 84 1.0
112 95 1.0
112 118 1.0
112 43 1.0
25 95 1.0
113 72 1.0
113 84 1.0
113 111 1.0
113 114 1.0
113 30 1.0
113 126 1.0
113 127 1.0
26 75 1.0
27 114 1.0
114 74 1.0
114 111 1.0
114 113 1.0
114 27 1.0
114 118 1.0
114 123 1.0
114 124 1.0
114 129 1.0
114 130 1.0
28 102 1.0
29 111 1.0
30 113 1.0
31 115 1.0
115 31 1.0
115 126 1.0
32 92 1.0
33 103 1.0
34 91 1.0
116 107 1.0
116 35 1.0
35 116 1.0
36 107 1.0
117 108 1.0
117 118 1.0
117 126 1.0
117 130 1.0
117 61 1.0
118 108 1.0
118 112 1.0
118 114 1.0
118 117 1.0
118 119 1.0
118 38 1.0
37 108 1.0
119 72 1.0
119 118 1.0
119 60 1.0
119 136 1.0
38 118 1.0
120 86 1.0
120 39 1.0
39 120 1.0
40 86 1.0
121 122 1.0
121 123 1.0
121 41 1.0
122 106 1.0
122 121 1.0
122 132 1.0
122 67 1.0
123 110 1.0
123 114 1.0
123 121 1.0
123 42 1.0
123 124 1.0
41 121 1.0
42 123 1.0
124 73 1.0
124 74 1.0
124 106 1.0
124 114 1.0
124 123 1.0
124 137 1.0
124 66 1.0
43 112 1.0
125 94 1.0
125 105 1.0
125 44 1.0
44 125 1.0
126 113 1.0
126 115 1.0
126 117 1.0
126 45 1.0
126 131 1.0
126 134 1.0
126 135 1.0
127 113 1.0
127 133 1.0
127 54 1.0
128 74 1.0
128 102 1.0
128 47 1.0
129 114 1.0
129 133 1.0
129 135 1.0
129 68 1.0
130 114 1.0
130 117 1.0
130 131 1.0
130 64 1.0
45 126 1.0
46 131 1.0
131 126 1.0
131 130 1.0
131 46 1.0
47 128 1.0
48 74 1.0
49 72 1.0
50 99 1.0
51 110 1.0
132 122 1.0
132 52 1.0
52 132 1.0
133 127 1.0
133 129 1.0
133 53 1.0
53 133 1.0
54 127 1.0
134 126 1.0
134 55 1.0
55 134 1.0
135 126 1.0
135 129 1.0
135 56 1.0
56 135 1.0
57 105 1.0
58 94 1.0
59 109 1.0
60 119 1.0
136 119 1.0
136 62 1.0
61 117 1.0
62 136 1.0
63 73 1.0
64 130 1.0
65 137 1.0
137 79 1.0
137 124 1.0
137 65 1.0
66 124 1.0
67 122 1.0
68 129 1.0
