48
96
0 24 1.0
24 0 1.0
24 38 1.0
1 25 1.0
25 1 1.0
25 37 1.0
2 26 1.0
26 2 1.0
26 27 1.0
3 27 1.0
27 26 1.0
27 3 1.0
27 28 1.0
4 28 1.0
28 27 1.0
28 4 1.0
28 29 1.0
5 29 1.0
29 28 1.0
29 5 1.0
29 30 1.0
29 39 1.0
6 30 1.0
30 29 1.0
30 6 1.0
30 40 1.0
7 31 1.0
31 7 1.0
31 38 1.0
8 32 1.0
32 8 1.0
32 33 1.0
32 38 1.0
9 33 1.0
33 32 1.0
33 9 1.0
33 37 1.0
10 34 1.0
34 10 1.0
34 46 1.0
11 35 1.0
35 11 1.0
35 36 1.0
35 45 1.0
12 36 1.0
36 35 1.0
36 12 1.0
36 38 1.0
36 46 1.0
37 25 1.0
37 33 1.0
37 38 1.0
37 21 1.0
38 24 1.0
38 31 1.0
38 32 1.0
38 36 1.0
38 37 1.0
38 39 1.0
38 41 1.0
38 42 1.0
38 14 1.0
38 43 1.0
39 29 1.0
39 38 1.0
39 19 1.0
40 30 1.0
40 18 1.0
13 41 1.0
41 38 1.0
41 13 1.0
42 38 1.0
42 16 1.0
14 38 1.0
43 38 1.0
43 15 1.0
43 44 1.0
15 43 1.0
44 43 1.0
44 20 1.0
16 42 1.0
45 35 1.0
45 17 1.0
17 45 1.0
18 40 1.0
19 39 1.0
20 44 1.0
21 37 1.0
46 34 1.0
46 36 1.0
46 47 1.0
46 22 1.0
47 46 1.0
47 23 1.0
22 46 1.0
23 47 1.0
