316
694
158 159 1.0
158 0 1.0
159 158 1.0
159 163 1.0
159 233 1.0
159 121 1.0
0 158 1.0
1 160 1.0
160 1 1.0
160 168 1.0
160 187 1.0
160 219 1.0
2 161 1.0
161 2 1.0
161 184 1.0
161 207 1.0
3 162 1.0
162 3 1.0
162 168 1.0
162 169 1.0
162 206 1.0
163 159 1.0
163 164 1.0
163 165 1.0
163 4 1.0
163 166 1.0
163 167 1.0
164 163 1.0
164 231 1.0
164 235 1.0
164 64 1.0
165 163 1.0
165 221 1.0
165 52 1.0
165 223 1.0
4 163 1.0
166 163 1.0
166 167 1.0
166 240 1.0
166 110 1.0
166 311 1.0
167 163 1.0
167 166 1.0
167 109 1.0
5 168 1.0
168 160 1.0
168 162 1.0
168 5 1.0
6 169 1.0
169 162 1.0
169 6 1.0
169 175 1.0
7 170 1.0
170 7 1.0
170 171 1.0
170 205 1.0
8 171 1.0
171 170 1.0
171 8 1.0
171 204 1.0
171 238 1.0
9 172 1.0
172 9 1.0
172 218 1.0
172 295 1.0
10 173 1.0
173 10 1.0
173 219 1.0
173 311 1.0
11 174 1.0
174 11 1.0
174 175 1.0
174 186 1.0
12 175 1.0
175 169 1.0
175 174 1.0
175 12 1.0
175 176 1.0
175 182 1.0
13 176 1.0
176 175 1.0
176 13 1.0
176 177 1.0
14 177 1.0
177 176 1.0
177 14 1.0
177 182 1.0
15 178 1.0
178 15 1.0
178 183 1.0
178 236 1.0
179 180 1.0
179 181 1.0
179 16 1.0
180 179 1.0
180 185 1.0
180 295 1.0
180 113 1.0
181 179 1.0
181 239 1.0
181 115 1.0
16 179 1.0
17 182 1.0
182 175 1.0
182 177 1.0
182 17 1.0
18 183 1.0
183 178 1.0
183 18 1.0
19 184 1.0
184 161 1.0
184 19 1.0
184 218 1.0
185 180 1.0
185 20 1.0
185 186 1.0
20 185 1.0
186 174 1.0
186 185 1.0
186 22 1.0
21 187 1.0
187 160 1.0
187 21 1.0
187 239 1.0
22 186 1.0
23 188 1.0
188 23 1.0
188 307 1.0
189 190 1.0
189 191 1.0
189 192 1.0
189 193 1.0
189 24 1.0
190 189 1.0
190 194 1.0
190 25 1.0
191 189 1.0
191 202 1.0
191 204 1.0
191 205 1.0
191 31 1.0
192 189 1.0
192 212 1.0
192 46 1.0
193 189 1.0
193 212 1.0
193 41 1.0
193 213 1.0
24 189 1.0
194 190 1.0
194 198 1.0
194 38 1.0
25 190 1.0
195 196 1.0
195 26 1.0
196 195 1.0
196 197 1.0
196 27 1.0
26 195 1.0
197 196 1.0
197 198 1.0
197 28 1.0
197 199 1.0
197 200 1.0
27 196 1.0
198 194 1.0
198 197 1.0
198 39 1.0
28 197 1.0
199 197 1.0
199 29 1.0
199 201 1.0
200 197 1.0
200 119 1.0
200 297 1.0
200 298 1.0
29 199 1.0
201 199 1.0
201 151 1.0
201 314 1.0
202 191 1.0
202 30 1.0
202 203 1.0
30 202 1.0
203 202 1.0
203 308 1.0
203 140 1.0
204 171 1.0
204 191 1.0
204 45 1.0
204 215 1.0
205 170 1.0
205 191 1.0
205 44 1.0
31 191 1.0
32 206 1.0
206 162 1.0
206 32 1.0
206 207 1.0
33 207 1.0
207 161 1.0
207 206 1.0
207 33 1.0
34 208 1.0
208 34 1.0
208 209 1.0
208 237 1.0
35 209 1.0
209 208 1.0
209 35 1.0
209 239 1.0
36 210 1.0
210 36 1.0
210 211 1.0
210 307 1.0
37 211 1.0
211 210 1.0
211 37 1.0
211 216 1.0
38 194 1.0
39 198 1.0
40 212 1.0
212 192 1.0
212 193 1.0
212 40 1.0
212 213 1.0
212 215 1.0
41 193 1.0
42 213 1.0
213 193 1.0
213 212 1.0
213 42 1.0
213 265 1.0
43 214 1.0
214 43 1.0
214 255 1.0
214 291 1.0
44 205 1.0
45 204 1.0
46 192 1.0
47 215 1.0
215 204 1.0
215 212 1.0
215 47 1.0
48 216 1.0
216 211 1.0
216 48 1.0
216 264 1.0
49 217 1.0
217 49 1.0
217 265 1.0
217 291 1.0
50 218 1.0
218 172 1.0
218 184 1.0
218 50 1.0
218 232 1.0
218 240 1.0
219 160 1.0
219 173 1.0
219 249 1.0
219 250 1.0
219 91 1.0
219 273 1.0
219 274 1.0
220 221 1.0
220 222 1.0
220 51 1.0
221 165 1.0
221 220 1.0
221 225 1.0
221 228 1.0
221 55 1.0
222 220 1.0
222 230 1.0
222 58 1.0
51 220 1.0
52 165 1.0
223 165 1.0
223 224 1.0
223 226 1.0
223 118 1.0
224 223 1.0
224 53 1.0
224 225 1.0
53 224 1.0
225 221 1.0
225 224 1.0
225 229 1.0
225 56 1.0
226 223 1.0
226 227 1.0
226 54 1.0
227 226 1.0
227 59 1.0
227 232 1.0
54 226 1.0
228 221 1.0
228 81 1.0
228 275 1.0
55 221 1.0
229 225 1.0
229 93 1.0
229 275 1.0
56 225 1.0
230 222 1.0
230 231 1.0
230 57 1.0
231 164 1.0
231 230 1.0
231 63 1.0
231 245 1.0
57 230 1.0
58 222 1.0
59 227 1.0
232 218 1.0
232 227 1.0
232 233 1.0
232 234 1.0
232 60 1.0
233 159 1.0
233 232 1.0
233 114 1.0
234 232 1.0
234 296 1.0
234 117 1.0
60 232 1.0
61 235 1.0
235 164 1.0
235 61 1.0
235 289 1.0
235 315 1.0
236 178 1.0
236 62 1.0
236 237 1.0
62 236 1.0
237 208 1.0
237 236 1.0
237 123 1.0
238 171 1.0
238 280 1.0
238 299 1.0
238 135 1.0
239 181 1.0
239 187 1.0
239 209 1.0
239 146 1.0
239 310 1.0
63 231 1.0
64 164 1.0
240 166 1.0
240 218 1.0
240 296 1.0
240 122 1.0
65 241 1.0
241 65 1.0
241 242 1.0
241 248 1.0
66 242 1.0
242 241 1.0
242 66 1.0
242 243 1.0
67 243 1.0
243 242 1.0
243 67 1.0
243 244 1.0
243 262 1.0
68 244 1.0
244 243 1.0
244 68 1.0
244 261 1.0
69 245 1.0
245 231 1.0
245 69 1.0
245 246 1.0
245 259 1.0
70 246 1.0
246 245 1.0
246 70 1.0
246 247 1.0
246 258 1.0
71 247 1.0
247 246 1.0
247 71 1.0
247 257 1.0
72 248 1.0
248 241 1.0
248 72 1.0
248 260 1.0
73 249 1.0
249 219 1.0
249 73 1.0
249 267 1.0
74 250 1.0
250 219 1.0
250 74 1.0
250 271 1.0
75 251 1.0
251 75 1.0
251 292 1.0
251 294 1.0
76 252 1.0
252 76 1.0
252 292 1.0
252 293 1.0
77 253 1.0
253 77 1.0
253 256 1.0
253 263 1.0
78 254 1.0
254 78 1.0
254 263 1.0
254 265 1.0
79 255 1.0
255 214 1.0
255 79 1.0
255 256 1.0
80 256 1.0
256 253 1.0
256 255 1.0
256 80 1.0
81 228 1.0
82 257 1.0
257 247 1.0
257 82 1.0
257 258 1.0
258 246 1.0
258 257 1.0
258 105 1.0
258 286 1.0
258 287 1.0
259 245 1.0
259 130 1.0
259 305 1.0
260 248 1.0
260 302 1.0
260 125 1.0
261 244 1.0
261 272 1.0
261 89 1.0
262 243 1.0
262 285 1.0
262 111 1.0
263 253 1.0
263 254 1.0
263 264 1.0
263 83 1.0
264 216 1.0
264 263 1.0
264 126 1.0
83 263 1.0
265 213 1.0
265 217 1.0
265 254 1.0
265 84 1.0
84 265 1.0
266 85 1.0
266 267 1.0
85 266 1.0
267 249 1.0
267 266 1.0
267 86 1.0
86 267 1.0
268 269 1.0
268 270 1.0
268 87 1.0
269 268 1.0
269 270 1.0
269 271 1.0
269 88 1.0
270 268 1.0
270 269 1.0
270 90 1.0
87 268 1.0
271 250 1.0
271 269 1.0
271 272 1.0
271 92 1.0
88 269 1.0
272 261 1.0
272 271 1.0
272 284 1.0
272 104 1.0
89 261 1.0
90 270 1.0
91 219 1.0
273 219 1.0
273 294 1.0
273 143 1.0
274 219 1.0
274 294 1.0
274 144 1.0
92 271 1.0
93 229 1.0
275 228 1.0
275 229 1.0
275 276 1.0
275 94 1.0
275 277 1.0
275 278 1.0
276 275 1.0
276 278 1.0
276 279 1.0
276 98 1.0
94 275 1.0
277 275 1.0
277 283 1.0
277 101 1.0
278 275 1.0
278 276 1.0
278 281 1.0
278 97 1.0
279 276 1.0
279 280 1.0
279 95 1.0
280 238 1.0
280 279 1.0
280 96 1.0
95 279 1.0
96 280 1.0
281 278 1.0
281 282 1.0
281 100 1.0
97 278 1.0
98 276 1.0
282 281 1.0
282 99 1.0
282 283 1.0
99 282 1.0
283 277 1.0
283 282 1.0
283 102 1.0
100 281 1.0
101 277 1.0
102 283 1.0
284 272 1.0
284 285 1.0
284 103 1.0
285 262 1.0
285 284 1.0
285 302 1.0
285 141 1.0
103 284 1.0
104 272 1.0
105 258 1.0
286 258 1.0
286 106 1.0
286 288 1.0
287 258 1.0
287 288 1.0
287 107 1.0
287 289 1.0
287 290 1.0
106 286 1.0
288 286 1.0
288 287 1.0
288 127 1.0
107 287 1.0
289 235 1.0
289 287 1.0
289 153 1.0
290 287 1.0
290 156 1.0
291 214 1.0
291 217 1.0
291 108 1.0
108 291 1.0
292 251 1.0
292 252 1.0
292 310 1.0
292 148 1.0
293 252 1.0
293 309 1.0
293 142 1.0
294 251 1.0
294 273 1.0
294 274 1.0
294 309 1.0
294 145 1.0
109 167 1.0
110 166 1.0
111 262 1.0
112 295 1.0
295 172 1.0
295 180 1.0
295 112 1.0
113 180 1.0
114 233 1.0
115 181 1.0
296 234 1.0
296 240 1.0
296 116 1.0
116 296 1.0
117 234 1.0
118 223 1.0
119 200 1.0
297 200 1.0
297 132 1.0
297 306 1.0
298 200 1.0
298 303 1.0
298 129 1.0
299 238 1.0
299 300 1.0
299 301 1.0
299 120 1.0
300 299 1.0
300 301 1.0
300 304 1.0
300 131 1.0
301 299 1.0
301 300 1.0
301 134 1.0
120 299 1.0
121 159 1.0
122 240 1.0
123 237 1.0
302 260 1.0
302 285 1.0
302 124 1.0
124 302 1.0
125 260 1.0
126 264 1.0
127 288 1.0
303 298 1.0
303 304 1.0
303 128 1.0
304 300 1.0
304 303 1.0
304 305 1.0
304 306 1.0
304 136 1.0
128 303 1.0
129 298 1.0
130 259 1.0
305 259 1.0
305 304 1.0
305 137 1.0
131 300 1.0
132 297 1.0
306 297 1.0
306 304 1.0
306 133 1.0
133 306 1.0
134 301 1.0
135 238 1.0
136 304 1.0
137 305 1.0
307 188 1.0
307 210 1.0
307 138 1.0
138 307 1.0
308 203 1.0
308 139 1.0
139 308 1.0
140 203 1.0
141 285 1.0
309 293 1.0
309 294 1.0
309 149 1.0
142 293 1.0
143 273 1.0
144 274 1.0
145 294 1.0
146 239 1.0
310 239 1.0
310 292 1.0
310 147 1.0
147 310 1.0
148 292 1.0
149 309 1.0
311 166 1.0
311 173 1.0
311 154 1.0
150 312 1.0
312 150 1.0
312 313 1.0
312 314 1.0
151 201 1.0
313 312 1.0
313 152 1.0
313 314 1.0
152 313 1.0
314 201 1.0
314 312 1.0
314 313 1.0
314 155 1.0
153 289 1.0
154 311 1.0
155 314 1.0
156 290 1.0
315 235 1.0
315 157 1.0
157 315 1.0
