126
282
63 64 1.0
63 65 1.0
63 66 1.0
63 67 1.0
63 68 1.0
63 0 1.0
64 63 1.0
64 102 1.0
64 29 1.0
65 63 1.0
65 71 1.0
65 59 1.0
66 63 1.0
66 70 1.0
66 90 1.0
66 41 1.0
67 63 1.0
67 42 1.0
67 119 1.0
68 63 1.0
68 83 1.0
68 106 1.0
68 33 1.0
0 63 1.0
69 70 1.0
69 1 1.0
70 66 1.0
70 69 1.0
70 119 1.0
70 44 1.0
1 69 1.0
2 71 1.0
71 65 1.0
71 2 1.0
71 77 1.0
71 124 1.0
3 72 1.0
72 3 1.0
72 73 1.0
72 75 1.0
72 83 1.0
72 102 1.0
4 73 1.0
73 72 1.0
73 4 1.0
73 74 1.0
5 74 1.0
74 73 1.0
74 5 1.0
74 82 1.0
74 93 1.0
74 111 1.0
6 75 1.0
75 72 1.0
75 6 1.0
75 76 1.0
75 82 1.0
7 76 1.0
76 75 1.0
76 7 1.0
76 109 1.0
77 71 1.0
77 78 1.0
77 8 1.0
78 77 1.0
78 34 1.0
78 115 1.0
8 77 1.0
9 79 1.0
79 9 1.0
79 105 1.0
79 106 1.0
10 80 1.0
80 10 1.0
80 103 1.0
80 104 1.0
81 11 1.0
11 81 1.0
12 82 1.0
82 74 1.0
82 75 1.0
82 12 1.0
82 96 1.0
82 98 1.0
13 83 1.0
83 68 1.0
83 72 1.0
83 13 1.0
84 14 1.0
84 85 1.0
84 86 1.0
14 84 1.0
85 84 1.0
85 15 1.0
85 87 1.0
85 88 1.0
86 84 1.0
86 98 1.0
86 23 1.0
86 100 1.0
15 85 1.0
87 85 1.0
87 97 1.0
87 113 1.0
87 118 1.0
87 39 1.0
88 85 1.0
88 89 1.0
88 16 1.0
89 88 1.0
89 114 1.0
89 122 1.0
89 53 1.0
16 88 1.0
90 66 1.0
90 17 1.0
90 91 1.0
17 90 1.0
91 90 1.0
91 18 1.0
91 92 1.0
18 91 1.0
92 91 1.0
92 109 1.0
92 28 1.0
93 74 1.0
93 19 1.0
93 94 1.0
19 93 1.0
94 93 1.0
94 95 1.0
94 96 1.0
94 20 1.0
94 97 1.0
95 94 1.0
95 37 1.0
95 118 1.0
96 82 1.0
96 94 1.0
96 21 1.0
20 94 1.0
97 87 1.0
97 94 1.0
97 112 1.0
97 32 1.0
21 96 1.0
98 82 1.0
98 86 1.0
98 22 1.0
98 99 1.0
22 98 1.0
99 98 1.0
99 109 1.0
99 27 1.0
23 86 1.0
100 86 1.0
100 118 1.0
100 58 1.0
24 101 1.0
101 24 1.0
101 115 1.0
101 125 1.0
102 64 1.0
102 72 1.0
102 30 1.0
103 80 1.0
103 116 1.0
103 120 1.0
103 49 1.0
104 80 1.0
104 105 1.0
104 45 1.0
105 79 1.0
105 104 1.0
105 107 1.0
105 108 1.0
105 25 1.0
106 68 1.0
106 79 1.0
106 38 1.0
107 105 1.0
107 111 1.0
107 123 1.0
107 52 1.0
108 105 1.0
108 116 1.0
108 36 1.0
25 105 1.0
109 76 1.0
109 92 1.0
109 99 1.0
109 48 1.0
26 110 1.0
110 26 1.0
27 99 1.0
28 92 1.0
111 74 1.0
111 107 1.0
111 55 1.0
29 64 1.0
30 102 1.0
112 97 1.0
112 113 1.0
112 114 1.0
112 31 1.0
113 87 1.0
113 112 1.0
113 122 1.0
113 56 1.0
114 89 1.0
114 112 1.0
114 62 1.0
31 112 1.0
32 97 1.0
33 68 1.0
34 78 1.0
115 78 1.0
115 101 1.0
115 123 1.0
115 61 1.0
116 103 1.0
116 108 1.0
116 35 1.0
116 117 1.0
35 116 1.0
117 116 1.0
117 121 1.0
117 50 1.0
36 108 1.0
37 95 1.0
118 87 1.0
118 95 1.0
118 100 1.0
118 40 1.0
38 106 1.0
39 87 1.0
40 118 1.0
41 66 1.0
42 67 1.0
43 119 1.0
119 67 1.0
119 70 1.0
119 43 1.0
44 70 1.0
45 104 1.0
120 103 1.0
120 121 1.0
120 46 1.0
121 117 1.0
121 120 1.0
121 47 1.0
46 120 1.0
47 121 1.0
48 109 1.0
49 103 1.0
50 117 1.0
122 89 1.0
122 113 1.0
122 51 1.0
51 122 1.0
123 107 1.0
123 115 1.0
123 124 1.0
123 125 1.0
123 54 1.0
52 107 1.0
53 89 1.0
124 71 1.0
124 123 1.0
124 60 1.0
125 101 1.0
125 123 1.0
125 57 1.0
54 123 1.0
55 111 1.0
56 113 1.0
57 125 1.0
58 100 1.0
59 65 1.0
60 124 1.0
61 115 1.0
62 114 1.0
