50
102
0 25 1.0
25 0 1.0
25 34 1.0
1 26 1.0
26 1 1.0
26 28 1.0
2 27 1.0
27 2 1.0
27 28 1.0
27 30 1.0
27 38 1.0
27 39 1.0
3 28 1.0
28 26 1.0
28 27 1.0
28 3 1.0
28 29 1.0
28 30 1.0
4 29 1.0
29 28 1.0
29 4 1.0
5 30 1.0
30 27 1.0
30 28 1.0
30 5 1.0
30 31 1.0
30 37 1.0
30 40 1.0
30 41 1.0
30 42 1.0
6 31 1.0
31 30 1.0
31 6 1.0
31 32 1.0
31 34 1.0
31 43 1.0
7 32 1.0
32 31 1.0
32 7 1.0
32 36 1.0
8 33 1.0
33 8 1.0
33 43 1.0
9 34 1.0
34 25 1.0
34 31 1.0
34 9 1.0
34 43 1.0
34 44 1.0
10 35 1.0
35 10 1.0
35 43 1.0
11 36 1.0
36 32 1.0
36 11 1.0
12 37 1.0
37 30 1.0
37 12 1.0
38 27 1.0
38 16 1.0
39 27 1.0
39 47 1.0
39 21 1.0
40 30 1.0
40 18 1.0
41 30 1.0
41 23 1.0
42 30 1.0
42 19 1.0
43 31 1.0
43 33 1.0
43 34 1.0
43 35 1.0
43 45 1.0
43 46 1.0
43 48 1.0
43 49 1.0
43 24 1.0
44 34 1.0
44 13 1.0
13 44 1.0
45 43 1.0
45 14 1.0
14 45 1.0
46 43 1.0
46 15 1.0
15 46 1.0
16 38 1.0
47 39 1.0
47 17 1.0
17 47 1.0
18 40 1.0
19 42 1.0
48 43 1.0
48 20 1.0
20 48 1.0
21 39 1.0
49 43 1.0
49 22 1.0
22 49 1.0
23 41 1.0
24 43 1.0
