48
94
0 24 1.0
24 0 1.0
24 33 1.0
1 25 1.0
25 1 1.0
25 37 1.0
2 26 1.0
26 2 1.0
26 38 1.0
3 27 1.0
27 3 1.0
27 28 1.0
27 29 1.0
4 28 1.0
28 27 1.0
28 4 1.0
28 40 1.0
5 29 1.0
29 27 1.0
29 5 1.0
29 39 1.0
6 30 1.0
30 6 1.0
30 33 1.0
7 31 1.0
31 7 1.0
31 32 1.0
31 41 1.0
8 32 1.0
32 31 1.0
32 8 1.0
32 33 1.0
32 42 1.0
9 33 1.0
33 24 1.0
33 30 1.0
33 32 1.0
33 9 1.0
10 34 1.0
34 10 1.0
34 35 1.0
34 37 1.0
11 35 1.0
35 34 1.0
35 11 1.0
35 36 1.0
12 36 1.0
36 35 1.0
36 12 1.0
36 45 1.0
37 25 1.0
37 34 1.0
37 38 1.0
37 23 1.0
38 26 1.0
38 37 1.0
38 22 1.0
39 29 1.0
39 19 1.0
40 28 1.0
40 44 1.0
40 16 1.0
40 45 1.0
41 31 1.0
41 46 1.0
41 47 1.0
41 21 1.0
42 32 1.0
42 43 1.0
42 14 1.0
13 43 1.0
43 42 1.0
43 13 1.0
43 45 1.0
14 42 1.0
44 40 1.0
44 15 1.0
15 44 1.0
16 40 1.0
45 36 1.0
45 40 1.0
45 43 1.0
45 18 1.0
46 41 1.0
46 17 1.0
17 46 1.0
18 45 1.0
19 39 1.0
47 41 1.0
47 20 1.0
20 47 1.0
21 41 1.0
22 38 1.0
23 37 1.0
