184
376
92 93 1.0
92 94 1.0
92 0 1.0
93 92 1.0
93 9 1.0
93 139 1.0
94 92 1.0
94 175 1.0
94 83 1.0
0 92 1.0
95 1 1.0
95 96 1.0
95 97 1.0
1 95 1.0
96 95 1.0
96 163 1.0
96 164 1.0
96 50 1.0
97 95 1.0
97 104 1.0
97 63 1.0
2 98 1.0
98 2 1.0
98 134 1.0
98 183 1.0
3 99 1.0
99 3 1.0
99 109 1.0
99 136 1.0
99 137 1.0
4 100 1.0
100 4 1.0
100 106 1.0
100 133 1.0
100 134 1.0
100 135 1.0
5 101 1.0
101 5 1.0
101 126 1.0
101 131 1.0
101 152 1.0
6 102 1.0
102 6 1.0
102 130 1.0
102 131 1.0
7 103 1.0
103 7 1.0
103 140 1.0
103 141 1.0
104 97 1.0
104 105 1.0
104 8 1.0
105 104 1.0
105 11 1.0
105 107 1.0
8 104 1.0
9 93 1.0
10 106 1.0
106 100 1.0
106 10 1.0
106 138 1.0
11 105 1.0
107 105 1.0
107 153 1.0
107 61 1.0
12 108 1.0
108 12 1.0
108 140 1.0
108 143 1.0
13 109 1.0
109 99 1.0
109 13 1.0
109 142 1.0
110 111 1.0
110 112 1.0
110 14 1.0
111 110 1.0
111 117 1.0
111 17 1.0
112 110 1.0
112 113 1.0
112 15 1.0
14 110 1.0
113 112 1.0
113 22 1.0
113 128 1.0
15 112 1.0
114 115 1.0
114 16 1.0
114 116 1.0
115 114 1.0
115 160 1.0
115 77 1.0
16 114 1.0
116 114 1.0
116 168 1.0
116 176 1.0
116 79 1.0
117 111 1.0
117 133 1.0
117 41 1.0
17 111 1.0
118 119 1.0
118 120 1.0
118 18 1.0
119 118 1.0
119 29 1.0
119 165 1.0
120 118 1.0
120 19 1.0
120 121 1.0
18 118 1.0
19 120 1.0
121 120 1.0
121 155 1.0
121 55 1.0
122 123 1.0
122 124 1.0
122 125 1.0
122 20 1.0
123 122 1.0
123 156 1.0
123 84 1.0
124 122 1.0
124 167 1.0
124 54 1.0
125 122 1.0
125 132 1.0
125 85 1.0
20 122 1.0
126 101 1.0
126 127 1.0
126 21 1.0
127 126 1.0
127 44 1.0
127 156 1.0
21 126 1.0
22 113 1.0
128 113 1.0
128 23 1.0
128 129 1.0
23 128 1.0
129 128 1.0
129 28 1.0
129 165 1.0
130 102 1.0
130 141 1.0
130 42 1.0
131 101 1.0
131 102 1.0
131 45 1.0
24 132 1.0
132 125 1.0
132 24 1.0
132 136 1.0
132 167 1.0
133 100 1.0
133 117 1.0
133 40 1.0
134 98 1.0
134 100 1.0
134 88 1.0
135 100 1.0
135 153 1.0
135 37 1.0
136 99 1.0
136 132 1.0
136 91 1.0
137 99 1.0
137 138 1.0
137 87 1.0
138 106 1.0
138 137 1.0
138 36 1.0
139 93 1.0
139 164 1.0
139 59 1.0
140 103 1.0
140 108 1.0
140 25 1.0
25 140 1.0
141 103 1.0
141 130 1.0
141 43 1.0
142 109 1.0
142 143 1.0
142 64 1.0
143 108 1.0
143 142 1.0
143 65 1.0
26 144 1.0
144 26 1.0
144 145 1.0
144 151 1.0
27 145 1.0
145 144 1.0
145 27 1.0
145 154 1.0
28 129 1.0
29 119 1.0
30 146 1.0
146 30 1.0
146 173 1.0
146 174 1.0
31 147 1.0
147 31 1.0
147 148 1.0
147 163 1.0
32 148 1.0
148 147 1.0
148 32 1.0
148 162 1.0
33 149 1.0
149 33 1.0
149 162 1.0
149 166 1.0
34 150 1.0
150 34 1.0
150 151 1.0
150 166 1.0
35 151 1.0
151 144 1.0
151 150 1.0
151 35 1.0
152 101 1.0
152 180 1.0
152 69 1.0
36 138 1.0
153 107 1.0
153 135 1.0
153 60 1.0
37 135 1.0
154 145 1.0
154 155 1.0
154 38 1.0
155 121 1.0
155 154 1.0
155 39 1.0
38 154 1.0
39 155 1.0
40 133 1.0
41 117 1.0
42 130 1.0
43 141 1.0
44 127 1.0
156 123 1.0
156 127 1.0
156 48 1.0
45 131 1.0
157 46 1.0
157 158 1.0
46 157 1.0
158 157 1.0
158 161 1.0
158 80 1.0
159 160 1.0
159 47 1.0
159 161 1.0
160 115 1.0
160 159 1.0
160 175 1.0
160 82 1.0
47 159 1.0
161 158 1.0
161 159 1.0
161 81 1.0
48 156 1.0
162 148 1.0
162 149 1.0
162 49 1.0
49 162 1.0
163 96 1.0
163 147 1.0
163 51 1.0
164 96 1.0
164 139 1.0
164 58 1.0
50 96 1.0
51 163 1.0
165 119 1.0
165 129 1.0
165 52 1.0
52 165 1.0
166 149 1.0
166 150 1.0
166 53 1.0
53 166 1.0
167 124 1.0
167 132 1.0
167 90 1.0
54 124 1.0
55 121 1.0
168 116 1.0
168 56 1.0
168 169 1.0
56 168 1.0
169 168 1.0
169 182 1.0
169 78 1.0
170 171 1.0
170 57 1.0
170 172 1.0
171 170 1.0
171 182 1.0
171 75 1.0
57 170 1.0
172 170 1.0
172 181 1.0
172 73 1.0
173 146 1.0
173 180 1.0
173 70 1.0
174 146 1.0
174 71 1.0
174 181 1.0
58 164 1.0
59 139 1.0
60 153 1.0
61 107 1.0
62 175 1.0
175 94 1.0
175 160 1.0
175 62 1.0
63 97 1.0
64 142 1.0
65 143 1.0
176 116 1.0
176 177 1.0
176 66 1.0
177 176 1.0
177 178 1.0
177 76 1.0
66 176 1.0
178 177 1.0
178 179 1.0
178 67 1.0
179 178 1.0
179 183 1.0
179 89 1.0
67 178 1.0
180 152 1.0
180 173 1.0
180 68 1.0
68 180 1.0
69 152 1.0
70 173 1.0
71 174 1.0
181 172 1.0
181 174 1.0
181 72 1.0
72 181 1.0
73 172 1.0
182 169 1.0
182 171 1.0
182 74 1.0
74 182 1.0
75 171 1.0
76 177 1.0
77 115 1.0
78 169 1.0
79 116 1.0
80 158 1.0
81 161 1.0
82 160 1.0
83 94 1.0
84 123 1.0
85 125 1.0
183 98 1.0
183 179 1.0
183 86 1.0
86 183 1.0
87 137 1.0
88 134 1.0
89 179 1.0
90 167 1.0
91 136 1.0
