176
360
88 0 1.0
88 89 1.0
88 90 1.0
0 88 1.0
89 88 1.0
89 164 1.0
89 74 1.0
90 88 1.0
90 165 1.0
90 81 1.0
91 92 1.0
91 93 1.0
91 1 1.0
92 91 1.0
92 100 1.0
92 61 1.0
93 91 1.0
93 124 1.0
93 50 1.0
93 161 1.0
1 91 1.0
2 94 1.0
94 2 1.0
94 150 1.0
94 159 1.0
3 95 1.0
95 3 1.0
95 128 1.0
95 129 1.0
95 130 1.0
4 96 1.0
96 4 1.0
96 102 1.0
96 127 1.0
5 97 1.0
97 5 1.0
97 148 1.0
97 149 1.0
6 98 1.0
98 6 1.0
98 99 1.0
98 125 1.0
7 99 1.0
99 98 1.0
99 7 1.0
99 126 1.0
99 139 1.0
100 92 1.0
100 8 1.0
100 101 1.0
8 100 1.0
101 100 1.0
101 11 1.0
101 104 1.0
9 102 1.0
102 96 1.0
102 9 1.0
102 132 1.0
102 133 1.0
10 103 1.0
103 10 1.0
103 131 1.0
103 132 1.0
11 101 1.0
104 101 1.0
104 157 1.0
104 59 1.0
12 105 1.0
105 12 1.0
105 106 1.0
105 110 1.0
13 106 1.0
106 105 1.0
106 13 1.0
106 140 1.0
107 14 1.0
107 108 1.0
107 109 1.0
14 107 1.0
108 107 1.0
108 111 1.0
108 17 1.0
109 107 1.0
109 110 1.0
109 52 1.0
110 105 1.0
110 109 1.0
110 15 1.0
15 110 1.0
111 108 1.0
111 112 1.0
111 16 1.0
112 111 1.0
112 113 1.0
112 19 1.0
16 111 1.0
17 108 1.0
113 112 1.0
113 18 1.0
113 114 1.0
18 113 1.0
114 113 1.0
114 21 1.0
114 118 1.0
19 112 1.0
115 116 1.0
115 20 1.0
115 117 1.0
116 115 1.0
116 152 1.0
116 171 1.0
116 79 1.0
20 115 1.0
117 115 1.0
117 77 1.0
117 174 1.0
21 114 1.0
118 114 1.0
118 136 1.0
118 27 1.0
119 120 1.0
119 121 1.0
119 22 1.0
120 119 1.0
120 167 1.0
120 65 1.0
121 119 1.0
121 166 1.0
121 64 1.0
22 119 1.0
122 123 1.0
122 23 1.0
122 124 1.0
123 122 1.0
123 28 1.0
123 160 1.0
23 122 1.0
124 93 1.0
124 122 1.0
124 51 1.0
125 98 1.0
125 148 1.0
125 45 1.0
24 126 1.0
126 99 1.0
126 24 1.0
126 156 1.0
127 96 1.0
127 155 1.0
127 40 1.0
128 95 1.0
128 175 1.0
128 83 1.0
129 95 1.0
129 155 1.0
129 87 1.0
130 95 1.0
130 54 1.0
130 163 1.0
131 103 1.0
131 38 1.0
131 153 1.0
132 102 1.0
132 103 1.0
132 41 1.0
133 102 1.0
133 166 1.0
133 63 1.0
134 135 1.0
134 136 1.0
134 25 1.0
134 137 1.0
134 138 1.0
135 134 1.0
135 158 1.0
135 46 1.0
136 118 1.0
136 134 1.0
136 26 1.0
25 134 1.0
137 134 1.0
137 43 1.0
137 157 1.0
138 134 1.0
138 156 1.0
138 75 1.0
139 99 1.0
139 175 1.0
139 86 1.0
140 106 1.0
140 147 1.0
140 55 1.0
26 136 1.0
27 118 1.0
28 123 1.0
29 141 1.0
141 29 1.0
141 160 1.0
141 162 1.0
30 142 1.0
142 30 1.0
142 143 1.0
142 162 1.0
31 143 1.0
143 142 1.0
143 31 1.0
143 144 1.0
32 144 1.0
144 143 1.0
144 32 1.0
144 145 1.0
33 145 1.0
145 144 1.0
145 33 1.0
145 146 1.0
34 146 1.0
146 145 1.0
146 34 1.0
146 147 1.0
35 147 1.0
147 140 1.0
147 146 1.0
147 35 1.0
148 97 1.0
148 125 1.0
148 44 1.0
149 97 1.0
149 154 1.0
149 71 1.0
150 94 1.0
150 36 1.0
150 151 1.0
36 150 1.0
151 150 1.0
151 152 1.0
151 76 1.0
152 116 1.0
152 151 1.0
152 37 1.0
37 152 1.0
38 131 1.0
153 131 1.0
153 154 1.0
153 39 1.0
154 149 1.0
154 153 1.0
154 70 1.0
39 153 1.0
155 127 1.0
155 129 1.0
155 48 1.0
40 127 1.0
41 132 1.0
156 126 1.0
156 138 1.0
156 42 1.0
42 156 1.0
43 137 1.0
157 104 1.0
157 137 1.0
157 58 1.0
44 148 1.0
45 125 1.0
158 135 1.0
158 159 1.0
158 47 1.0
46 135 1.0
159 94 1.0
159 158 1.0
159 84 1.0
47 158 1.0
48 155 1.0
160 123 1.0
160 141 1.0
160 49 1.0
49 160 1.0
50 93 1.0
161 93 1.0
161 56 1.0
161 164 1.0
51 124 1.0
52 109 1.0
162 141 1.0
162 142 1.0
162 53 1.0
53 162 1.0
54 130 1.0
163 130 1.0
163 175 1.0
163 82 1.0
55 140 1.0
56 161 1.0
57 164 1.0
164 89 1.0
164 161 1.0
164 57 1.0
58 157 1.0
59 104 1.0
60 165 1.0
165 90 1.0
165 60 1.0
165 174 1.0
61 92 1.0
166 121 1.0
166 133 1.0
166 62 1.0
62 166 1.0
63 133 1.0
64 121 1.0
167 120 1.0
167 168 1.0
167 66 1.0
65 120 1.0
168 167 1.0
168 169 1.0
168 67 1.0
66 167 1.0
169 168 1.0
169 68 1.0
169 170 1.0
67 168 1.0
68 169 1.0
170 169 1.0
170 173 1.0
170 73 1.0
171 116 1.0
171 172 1.0
171 69 1.0
172 171 1.0
172 173 1.0
172 78 1.0
69 171 1.0
70 154 1.0
71 149 1.0
173 170 1.0
173 172 1.0
173 72 1.0
72 173 1.0
73 170 1.0
74 89 1.0
75 138 1.0
76 151 1.0
77 117 1.0
174 117 1.0
174 165 1.0
174 80 1.0
78 172 1.0
79 116 1.0
80 174 1.0
81 90 1.0
175 128 1.0
175 139 1.0
175 163 1.0
175 85 1.0
82 163 1.0
83 128 1.0
84 159 1.0
85 175 1.0
86 139 1.0
87 129 1.0
