48
116
0 24 1.0
24 0 1.0
24 25 1.0
24 33 1.0
24 37 1.0
1 25 1.0
25 24 1.0
25 1 1.0
25 33 1.0
2 26 1.0
26 2 1.0
26 39 1.0
26 40 1.0
3 27 1.0
27 3 1.0
27 34 1.0
27 35 1.0
27 38 1.0
4 28 1.0
28 4 1.0
28 29 1.0
28 39 1.0
5 29 1.0
29 28 1.0
29 5 1.0
29 41 1.0
6 30 1.0
30 6 1.0
30 37 1.0
30 42 1.0
7 31 1.0
31 7 1.0
31 32 1.0
31 41 1.0
8 32 1.0
32 31 1.0
32 8 1.0
32 34 1.0
32 41 1.0
9 33 1.0
33 24 1.0
33 25 1.0
33 9 1.0
33 41 1.0
10 34 1.0
34 27 1.0
34 32 1.0
34 10 1.0
34 35 1.0
34 39 1.0
11 35 1.0
35 27 1.0
35 34 1.0
35 11 1.0
35 43 1.0
35 47 1.0
12 36 1.0
36 12 1.0
36 39 1.0
36 43 1.0
36 46 1.0
37 24 1.0
37 30 1.0
37 39 1.0
37 41 1.0
37 20 1.0
38 27 1.0
38 39 1.0
38 22 1.0
39 26 1.0
39 28 1.0
39 34 1.0
39 36 1.0
39 37 1.0
39 38 1.0
39 42 1.0
39 14 1.0
40 26 1.0
40 17 1.0
40 45 1.0
41 29 1.0
41 31 1.0
41 32 1.0
41 33 1.0
41 37 1.0
41 15 1.0
42 30 1.0
42 39 1.0
42 21 1.0
13 43 1.0
43 35 1.0
43 36 1.0
43 13 1.0
43 44 1.0
43 45 1.0
43 47 1.0
14 39 1.0
15 41 1.0
44 43 1.0
44 16 1.0
16 44 1.0
17 40 1.0
45 40 1.0
45 43 1.0
45 18 1.0
18 45 1.0
46 36 1.0
46 19 1.0
19 46 1.0
20 37 1.0
21 42 1.0
22 38 1.0
47 35 1.0
47 43 1.0
47 23 1.0
23 47 1.0
