# solver	iter	num_paths	stddev
akecmp	0	149.000000	0.000000
akecmp	1	149.000000	0.000000
akecmp	2	149.000000	0.000000
akecmp	3	149.000000	0.000000
akecmp	4	149.000000	0.000000
akecmp	5	149.000000	0.000000
akecmp	6	149.000000	0.000000
akecmp	7	149.000000	0.000000
akecmp	8	149.000000	0.000000
akecmp	9	149.000000	0.000000
akecmp	10	149.000000	0.000000
akecmp	11	149.000000	0.000000
akecmp	12	149.000000	0.000000
akecmp	13	149.000000	0.000000
akecmp	14	149.000000	0.000000
akecmp	15	149.000000	0.000000
akecmp	16	149.000000	0.000000
akecmp	17	149.000000	0.000000
akecmp	18	149.000000	0.000000
akecmp	19	149.000000	0.000000
akecmp	20	149.000000	0.000000
akecmp	21	149.000000	0.000000
akecmp	22	149.000000	0.000000
akecmp	23	149.000000	0.000000
akecmp	24	149.000000	0.000000
akecmp	25	149.000000	0.000000
akecmp	26	149.000000	0.000000
akecmp	27	149.000000	0.000000
akecmp	28	149.000000	0.000000
akecmp	29	149.000000	0.000000
akecmp	30	149.000000	0.000000
akecmp	31	149.000000	0.000000
akecmp	32	149.000000	0.000000
akecmp	33	149.000000	0.000000
akecmp	34	149.000000	0.000000
akecmp	35	149.000000	0.000000
akecmp	36	149.000000	0.000000
akecmp	37	149.000000	0.000000
akecmp	38	149.000000	0.000000
akecmp	39	149.000000	0.000000
akecmp	40	149.000000	0.000000
akecmp	41	149.000000	0.000000
akecmp	42	149.000000	0.000000
akecmp	43	149.000000	0.000000
akecmp	44	149.000000	0.000000
akecmp	45	149.000000	0.000000
akecmp	46	149.000000	0.000000
akecmp	47	149.000000	0.000000
akecmp	48	149.000000	0.000000
akecmp	49	149.000000	0.000000
akecmp	50	149.000000	0.000000
akecmp	51	149.000000	0.000000
akecmp	52	149.000000	0.000000
akecmp	53	149.000000	0.000000
akecmp	54	149.000000	0.000000
akecmp	55	149.000000	0.000000
akecmp	56	149.000000	0.000000
akecmp	57	149.000000	0.000000
akecmp	58	149.000000	0.000000
akecmp	59	149.000000	0.000000
akecmp	60	149.000000	0.000000
akecmp	61	149.000000	0.000000
akecmp	62	149.000000	0.000000
akecmp	63	149.000000	0.000000
akecmp	64	149.000000	0.000000
akecmp	65	149.000000	0.000000
akecmp	66	149.000000	0.000000
akecmp	67	149.000000	0.000000
akecmp	68	149.000000	0.000000
akecmp	69	149.000000	0.000000
akecmp	70	149.000000	0.000000
akecmp	71	149.000000	0.000000
akecmp	72	149.000000	0.000000
akecmp	73	149.000000	0.000000
akecmp	74	149.000000	0.000000
akecmp	75	149.000000	0.000000
akecmp	76	149.000000	0.000000
akecmp	77	149.000000	0.000000
akecmp	78	149.000000	0.000000
akecmp	79	149.000000	0.000000
akecmp	80	149.000000	0.000000
akecmp	81	149.000000	0.000000
akecmp	82	149.000000	0.000000
akecmp	83	149.000000	0.000000
akecmp	84	149.000000	0.000000
akecmp	85	149.000000	0.000000
akecmp	86	149.000000	0.000000
akecmp	87	149.000000	0.000000
akecmp	88	149.000000	0.000000
akecmp	89	149.000000	0.000000
akecmp	90	149.000000	0.000000
akecmp	91	149.000000	0.000000
akecmp	92	149.000000	0.000000
akecmp	93	149.000000	0.000000
akecmp	94	149.000000	0.000000
akecmp	95	149.000000	0.000000
akecmp	96	149.000000	0.000000
akecmp	97	149.000000	0.000000
akecmp	98	149.000000	0.000000
akecmp	99	149.000000	0.000000
akmcf	0	110.000000	0.000000
akmcf	1	110.000000	0.000000
akmcf	2	110.000000	0.000000
akmcf	3	110.000000	0.000000
akmcf	4	110.000000	0.000000
akmcf	5	110.000000	0.000000
akmcf	6	110.000000	0.000000
akmcf	7	110.000000	0.000000
akmcf	8	110.000000	0.000000
akmcf	9	110.000000	0.000000
akmcf	10	110.000000	0.000000
akmcf	11	110.000000	0.000000
akmcf	12	110.000000	0.000000
akmcf	13	110.000000	0.000000
akmcf	14	110.000000	0.000000
akmcf	15	110.000000	0.000000
akmcf	16	110.000000	0.000000
akmcf	17	110.000000	0.000000
akmcf	18	110.000000	0.000000
akmcf	19	110.000000	0.000000
akmcf	20	110.000000	0.000000
akmcf	21	110.000000	0.000000
akmcf	22	110.000000	0.000000
akmcf	23	110.000000	0.000000
akmcf	24	110.000000	0.000000
akmcf	25	110.000000	0.000000
akmcf	26	110.000000	0.000000
akmcf	27	110.000000	0.000000
akmcf	28	110.000000	0.000000
akmcf	29	110.000000	0.000000
akmcf	30	110.000000	0.000000
akmcf	31	110.000000	0.000000
akmcf	32	110.000000	0.000000
akmcf	33	110.000000	0.000000
akmcf	34	110.000000	0.000000
akmcf	35	110.000000	0.000000
akmcf	36	110.000000	0.000000
akmcf	37	110.000000	0.000000
akmcf	38	110.000000	0.000000
akmcf	39	110.000000	0.000000
akmcf	40	110.000000	0.000000
akmcf	41	110.000000	0.000000
akmcf	42	110.000000	0.000000
akmcf	43	110.000000	0.000000
akmcf	44	110.000000	0.000000
akmcf	45	110.000000	0.000000
akmcf	46	110.000000	0.000000
akmcf	47	110.000000	0.000000
akmcf	48	110.000000	0.000000
akmcf	49	110.000000	0.000000
akmcf	50	110.000000	0.000000
akmcf	51	110.000000	0.000000
akmcf	52	110.000000	0.000000
akmcf	53	110.000000	0.000000
akmcf	54	110.000000	0.000000
akmcf	55	110.000000	0.000000
akmcf	56	110.000000	0.000000
akmcf	57	110.000000	0.000000
akmcf	58	110.000000	0.000000
akmcf	59	110.000000	0.000000
akmcf	60	110.000000	0.000000
akmcf	61	110.000000	0.000000
akmcf	62	110.000000	0.000000
akmcf	63	110.000000	0.000000
akmcf	64	110.000000	0.000000
akmcf	65	110.000000	0.000000
akmcf	66	110.000000	0.000000
akmcf	67	110.000000	0.000000
akmcf	68	110.000000	0.000000
akmcf	69	110.000000	0.000000
akmcf	70	110.000000	0.000000
akmcf	71	110.000000	0.000000
akmcf	72	110.000000	0.000000
akmcf	73	110.000000	0.000000
akmcf	74	110.000000	0.000000
akmcf	75	110.000000	0.000000
akmcf	76	110.000000	0.000000
akmcf	77	110.000000	0.000000
akmcf	78	110.000000	0.000000
akmcf	79	110.000000	0.000000
akmcf	80	110.000000	0.000000
akmcf	81	110.000000	0.000000
akmcf	82	110.000000	0.000000
akmcf	83	110.000000	0.000000
akmcf	84	110.000000	0.000000
akmcf	85	110.000000	0.000000
akmcf	86	110.000000	0.000000
akmcf	87	110.000000	0.000000
akmcf	88	110.000000	0.000000
akmcf	89	110.000000	0.000000
akmcf	90	110.000000	0.000000
akmcf	91	110.000000	0.000000
akmcf	92	110.000000	0.000000
akmcf	93	110.000000	0.000000
akmcf	94	110.000000	0.000000
akmcf	95	110.000000	0.000000
akmcf	96	110.000000	0.000000
akmcf	97	110.000000	0.000000
akmcf	98	110.000000	0.000000
akmcf	99	110.000000	0.000000
akraeke	0	702.000000	0.000000
akraeke	1	702.000000	0.000000
akraeke	2	702.000000	0.000000
akraeke	3	702.000000	0.000000
akraeke	4	702.000000	0.000000
akraeke	5	702.000000	0.000000
akraeke	6	702.000000	0.000000
akraeke	7	702.000000	0.000000
akraeke	8	702.000000	0.000000
akraeke	9	702.000000	0.000000
akraeke	10	702.000000	0.000000
akraeke	11	702.000000	0.000000
akraeke	12	702.000000	0.000000
akraeke	13	702.000000	0.000000
akraeke	14	702.000000	0.000000
akraeke	15	702.000000	0.000000
akraeke	16	702.000000	0.000000
akraeke	17	702.000000	0.000000
akraeke	18	702.000000	0.000000
akraeke	19	702.000000	0.000000
akraeke	20	702.000000	0.000000
akraeke	21	702.000000	0.000000
akraeke	22	702.000000	0.000000
akraeke	23	702.000000	0.000000
akraeke	24	702.000000	0.000000
akraeke	25	702.000000	0.000000
akraeke	26	702.000000	0.000000
akraeke	27	702.000000	0.000000
akraeke	28	702.000000	0.000000
akraeke	29	702.000000	0.000000
akraeke	30	702.000000	0.000000
akraeke	31	702.000000	0.000000
akraeke	32	702.000000	0.000000
akraeke	33	702.000000	0.000000
akraeke	34	702.000000	0.000000
akraeke	35	702.000000	0.000000
akraeke	36	702.000000	0.000000
akraeke	37	702.000000	0.000000
akraeke	38	702.000000	0.000000
akraeke	39	702.000000	0.000000
akraeke	40	702.000000	0.000000
akraeke	41	702.000000	0.000000
akraeke	42	702.000000	0.000000
akraeke	43	702.000000	0.000000
akraeke	44	702.000000	0.000000
akraeke	45	702.000000	0.000000
akraeke	46	702.000000	0.000000
akraeke	47	702.000000	0.000000
akraeke	48	702.000000	0.000000
akraeke	49	702.000000	0.000000
akraeke	50	702.000000	0.000000
akraeke	51	702.000000	0.000000
akraeke	52	702.000000	0.000000
akraeke	53	702.000000	0.000000
akraeke	54	702.000000	0.000000
akraeke	55	702.000000	0.000000
akraeke	56	702.000000	0.000000
akraeke	57	702.000000	0.000000
akraeke	58	702.000000	0.000000
akraeke	59	702.000000	0.000000
akraeke	60	702.000000	0.000000
akraeke	61	702.000000	0.000000
akraeke	62	702.000000	0.000000
akraeke	63	702.000000	0.000000
akraeke	64	702.000000	0.000000
akraeke	65	702.000000	0.000000
akraeke	66	702.000000	0.000000
akraeke	67	702.000000	0.000000
akraeke	68	702.000000	0.000000
akraeke	69	702.000000	0.000000
akraeke	70	702.000000	0.000000
akraeke	71	702.000000	0.000000
akraeke	72	702.000000	0.000000
akraeke	73	702.000000	0.000000
akraeke	74	702.000000	0.000000
akraeke	75	702.000000	0.000000
akraeke	76	702.000000	0.000000
akraeke	77	702.000000	0.000000
akraeke	78	702.000000	0.000000
akraeke	79	702.000000	0.000000
akraeke	80	702.000000	0.000000
akraeke	81	702.000000	0.000000
akraeke	82	702.000000	0.000000
akraeke	83	702.000000	0.000000
akraeke	84	702.000000	0.000000
akraeke	85	702.000000	0.000000
akraeke	86	702.000000	0.000000
akraeke	87	702.000000	0.000000
akraeke	88	702.000000	0.000000
akraeke	89	702.000000	0.000000
akraeke	90	702.000000	0.000000
akraeke	91	702.000000	0.000000
akraeke	92	702.000000	0.000000
akraeke	93	702.000000	0.000000
akraeke	94	702.000000	0.000000
akraeke	95	702.000000	0.000000
akraeke	96	702.000000	0.000000
akraeke	97	702.000000	0.000000
akraeke	98	702.000000	0.000000
akraeke	99	702.000000	0.000000
akvlb	0	967.000000	0.000000
akvlb	1	967.000000	0.000000
akvlb	2	967.000000	0.000000
akvlb	3	967.000000	0.000000
akvlb	4	967.000000	0.000000
akvlb	5	967.000000	0.000000
akvlb	6	967.000000	0.000000
akvlb	7	967.000000	0.000000
akvlb	8	967.000000	0.000000
akvlb	9	967.000000	0.000000
akvlb	10	967.000000	0.000000
akvlb	11	967.000000	0.000000
akvlb	12	967.000000	0.000000
akvlb	13	967.000000	0.000000
akvlb	14	967.000000	0.000000
akvlb	15	967.000000	0.000000
akvlb	16	967.000000	0.000000
akvlb	17	967.000000	0.000000
akvlb	18	967.000000	0.000000
akvlb	19	967.000000	0.000000
akvlb	20	967.000000	0.000000
akvlb	21	967.000000	0.000000
akvlb	22	967.000000	0.000000
akvlb	23	967.000000	0.000000
akvlb	24	967.000000	0.000000
akvlb	25	967.000000	0.000000
akvlb	26	967.000000	0.000000
akvlb	27	967.000000	0.000000
akvlb	28	967.000000	0.000000
akvlb	29	967.000000	0.000000
akvlb	30	967.000000	0.000000
akvlb	31	967.000000	0.000000
akvlb	32	967.000000	0.000000
akvlb	33	967.000000	0.000000
akvlb	34	967.000000	0.000000
akvlb	35	967.000000	0.000000
akvlb	36	967.000000	0.000000
akvlb	37	967.000000	0.000000
akvlb	38	967.000000	0.000000
akvlb	39	967.000000	0.000000
akvlb	40	967.000000	0.000000
akvlb	41	967.000000	0.000000
akvlb	42	967.000000	0.000000
akvlb	43	967.000000	0.000000
akvlb	44	967.000000	0.000000
akvlb	45	967.000000	0.000000
akvlb	46	967.000000	0.000000
akvlb	47	967.000000	0.000000
akvlb	48	967.000000	0.000000
akvlb	49	967.000000	0.000000
akvlb	50	967.000000	0.000000
akvlb	51	967.000000	0.000000
akvlb	52	967.000000	0.000000
akvlb	53	967.000000	0.000000
akvlb	54	967.000000	0.000000
akvlb	55	967.000000	0.000000
akvlb	56	967.000000	0.000000
akvlb	57	967.000000	0.000000
akvlb	58	967.000000	0.000000
akvlb	59	967.000000	0.000000
akvlb	60	967.000000	0.000000
akvlb	61	967.000000	0.000000
akvlb	62	967.000000	0.000000
akvlb	63	967.000000	0.000000
akvlb	64	967.000000	0.000000
akvlb	65	967.000000	0.000000
akvlb	66	967.000000	0.000000
akvlb	67	967.000000	0.000000
akvlb	68	967.000000	0.000000
akvlb	69	967.000000	0.000000
akvlb	70	967.000000	0.000000
akvlb	71	967.000000	0.000000
akvlb	72	967.000000	0.000000
akvlb	73	967.000000	0.000000
akvlb	74	967.000000	0.000000
akvlb	75	967.000000	0.000000
akvlb	76	967.000000	0.000000
akvlb	77	967.000000	0.000000
akvlb	78	967.000000	0.000000
akvlb	79	967.000000	0.000000
akvlb	80	967.000000	0.000000
akvlb	81	967.000000	0.000000
akvlb	82	967.000000	0.000000
akvlb	83	967.000000	0.000000
akvlb	84	967.000000	0.000000
akvlb	85	967.000000	0.000000
akvlb	86	967.000000	0.000000
akvlb	87	967.000000	0.000000
akvlb	88	967.000000	0.000000
akvlb	89	967.000000	0.000000
akvlb	90	967.000000	0.000000
akvlb	91	967.000000	0.000000
akvlb	92	967.000000	0.000000
akvlb	93	967.000000	0.000000
akvlb	94	967.000000	0.000000
akvlb	95	967.000000	0.000000
akvlb	96	967.000000	0.000000
akvlb	97	967.000000	0.000000
akvlb	98	967.000000	0.000000
akvlb	99	967.000000	0.000000
ecmp	0	149.000000	0.000000
ecmp	1	149.000000	0.000000
ecmp	2	149.000000	0.000000
ecmp	3	149.000000	0.000000
ecmp	4	149.000000	0.000000
ecmp	5	149.000000	0.000000
ecmp	6	149.000000	0.000000
ecmp	7	149.000000	0.000000
ecmp	8	149.000000	0.000000
ecmp	9	149.000000	0.000000
ecmp	10	149.000000	0.000000
ecmp	11	149.000000	0.000000
ecmp	12	149.000000	0.000000
ecmp	13	149.000000	0.000000
ecmp	14	149.000000	0.000000
ecmp	15	149.000000	0.000000
ecmp	16	149.000000	0.000000
ecmp	17	149.000000	0.000000
ecmp	18	149.000000	0.000000
ecmp	19	149.000000	0.000000
ecmp	20	149.000000	0.000000
ecmp	21	149.000000	0.000000
ecmp	22	149.000000	0.000000
ecmp	23	149.000000	0.000000
ecmp	24	149.000000	0.000000
ecmp	25	149.000000	0.000000
ecmp	26	149.000000	0.000000
ecmp	27	149.000000	0.000000
ecmp	28	149.000000	0.000000
ecmp	29	149.000000	0.000000
ecmp	30	149.000000	0.000000
ecmp	31	149.000000	0.000000
ecmp	32	149.000000	0.000000
ecmp	33	149.000000	0.000000
ecmp	34	149.000000	0.000000
ecmp	35	149.000000	0.000000
ecmp	36	149.000000	0.000000
ecmp	37	149.000000	0.000000
ecmp	38	149.000000	0.000000
ecmp	39	149.000000	0.000000
ecmp	40	149.000000	0.000000
ecmp	41	149.000000	0.000000
ecmp	42	149.000000	0.000000
ecmp	43	149.000000	0.000000
ecmp	44	149.000000	0.000000
ecmp	45	149.000000	0.000000
ecmp	46	149.000000	0.000000
ecmp	47	149.000000	0.000000
ecmp	48	149.000000	0.000000
ecmp	49	149.000000	0.000000
ecmp	50	149.000000	0.000000
ecmp	51	149.000000	0.000000
ecmp	52	149.000000	0.000000
ecmp	53	149.000000	0.000000
ecmp	54	149.000000	0.000000
ecmp	55	149.000000	0.000000
ecmp	56	149.000000	0.000000
ecmp	57	149.000000	0.000000
ecmp	58	149.000000	0.000000
ecmp	59	149.000000	0.000000
ecmp	60	149.000000	0.000000
ecmp	61	149.000000	0.000000
ecmp	62	149.000000	0.000000
ecmp	63	149.000000	0.000000
ecmp	64	149.000000	0.000000
ecmp	65	149.000000	0.000000
ecmp	66	149.000000	0.000000
ecmp	67	149.000000	0.000000
ecmp	68	149.000000	0.000000
ecmp	69	149.000000	0.000000
ecmp	70	149.000000	0.000000
ecmp	71	149.000000	0.000000
ecmp	72	149.000000	0.000000
ecmp	73	149.000000	0.000000
ecmp	74	149.000000	0.000000
ecmp	75	149.000000	0.000000
ecmp	76	149.000000	0.000000
ecmp	77	149.000000	0.000000
ecmp	78	149.000000	0.000000
ecmp	79	149.000000	0.000000
ecmp	80	149.000000	0.000000
ecmp	81	149.000000	0.000000
ecmp	82	149.000000	0.000000
ecmp	83	149.000000	0.000000
ecmp	84	149.000000	0.000000
ecmp	85	149.000000	0.000000
ecmp	86	149.000000	0.000000
ecmp	87	149.000000	0.000000
ecmp	88	149.000000	0.000000
ecmp	89	149.000000	0.000000
ecmp	90	149.000000	0.000000
ecmp	91	149.000000	0.000000
ecmp	92	149.000000	0.000000
ecmp	93	149.000000	0.000000
ecmp	94	149.000000	0.000000
ecmp	95	149.000000	0.000000
ecmp	96	149.000000	0.000000
ecmp	97	149.000000	0.000000
ecmp	98	149.000000	0.000000
ecmp	99	149.000000	0.000000
mcf	0	112.000000	0.000000
mcf	1	112.000000	0.000000
mcf	2	112.000000	0.000000
mcf	3	112.000000	0.000000
mcf	4	112.000000	0.000000
mcf	5	112.000000	0.000000
mcf	6	112.000000	0.000000
mcf	7	112.000000	0.000000
mcf	8	112.000000	0.000000
mcf	9	112.000000	0.000000
mcf	10	112.000000	0.000000
mcf	11	112.000000	0.000000
mcf	12	112.000000	0.000000
mcf	13	112.000000	0.000000
mcf	14	112.000000	0.000000
mcf	15	112.000000	0.000000
mcf	16	112.000000	0.000000
mcf	17	112.000000	0.000000
mcf	18	112.000000	0.000000
mcf	19	112.000000	0.000000
mcf	20	112.000000	0.000000
mcf	21	112.000000	0.000000
mcf	22	112.000000	0.000000
mcf	23	112.000000	0.000000
mcf	24	112.000000	0.000000
mcf	25	112.000000	0.000000
mcf	26	112.000000	0.000000
mcf	27	112.000000	0.000000
mcf	28	112.000000	0.000000
mcf	29	112.000000	0.000000
mcf	30	112.000000	0.000000
mcf	31	112.000000	0.000000
mcf	32	112.000000	0.000000
mcf	33	112.000000	0.000000
mcf	34	112.000000	0.000000
mcf	35	112.000000	0.000000
mcf	36	112.000000	0.000000
mcf	37	112.000000	0.000000
mcf	38	112.000000	0.000000
mcf	39	112.000000	0.000000
mcf	40	112.000000	0.000000
mcf	41	112.000000	0.000000
mcf	42	112.000000	0.000000
mcf	43	112.000000	0.000000
mcf	44	112.000000	0.000000
mcf	45	112.000000	0.000000
mcf	46	112.000000	0.000000
mcf	47	112.000000	0.000000
mcf	48	112.000000	0.000000
mcf	49	112.000000	0.000000
mcf	50	112.000000	0.000000
mcf	51	112.000000	0.000000
mcf	52	112.000000	0.000000
mcf	53	112.000000	0.000000
mcf	54	112.000000	0.000000
mcf	55	112.000000	0.000000
mcf	56	112.000000	0.000000
mcf	57	111.000000	0.000000
mcf	58	112.000000	0.000000
mcf	59	112.000000	0.000000
mcf	60	112.000000	0.000000
mcf	61	111.000000	0.000000
mcf	62	112.000000	0.000000
mcf	63	112.000000	0.000000
mcf	64	112.000000	0.000000
mcf	65	112.000000	0.000000
mcf	66	112.000000	0.000000
mcf	67	112.000000	0.000000
mcf	68	112.000000	0.000000
mcf	69	112.000000	0.000000
mcf	70	112.000000	0.000000
mcf	71	112.000000	0.000000
mcf	72	112.000000	0.000000
mcf	73	112.000000	0.000000
mcf	74	112.000000	0.000000
mcf	75	112.000000	0.000000
mcf	76	112.000000	0.000000
mcf	77	112.000000	0.000000
mcf	78	112.000000	0.000000
mcf	79	112.000000	0.000000
mcf	80	112.000000	0.000000
mcf	81	112.000000	0.000000
mcf	82	112.000000	0.000000
mcf	83	112.000000	0.000000
mcf	84	112.000000	0.000000
mcf	85	112.000000	0.000000
mcf	86	111.000000	0.000000
mcf	87	112.000000	0.000000
mcf	88	112.000000	0.000000
mcf	89	112.000000	0.000000
mcf	90	112.000000	0.000000
mcf	91	111.000000	0.000000
mcf	92	112.000000	0.000000
mcf	93	112.000000	0.000000
mcf	94	112.000000	0.000000
mcf	95	112.000000	0.000000
mcf	96	112.000000	0.000000
mcf	97	112.000000	0.000000
mcf	98	112.000000	0.000000
mcf	99	112.000000	0.000000
mwmcf	0	121.000000	0.000000
mwmcf	1	121.000000	0.000000
mwmcf	2	121.000000	0.000000
mwmcf	3	121.000000	0.000000
mwmcf	4	121.000000	0.000000
mwmcf	5	121.000000	0.000000
mwmcf	6	121.000000	0.000000
mwmcf	7	121.000000	0.000000
mwmcf	8	121.000000	0.000000
mwmcf	9	121.000000	0.000000
mwmcf	10	121.000000	0.000000
mwmcf	11	121.000000	0.000000
mwmcf	12	121.000000	0.000000
mwmcf	13	121.000000	0.000000
mwmcf	14	121.000000	0.000000
mwmcf	15	121.000000	0.000000
mwmcf	16	121.000000	0.000000
mwmcf	17	121.000000	0.000000
mwmcf	18	121.000000	0.000000
mwmcf	19	121.000000	0.000000
mwmcf	20	121.000000	0.000000
mwmcf	21	121.000000	0.000000
mwmcf	22	121.000000	0.000000
mwmcf	23	121.000000	0.000000
mwmcf	24	121.000000	0.000000
mwmcf	25	121.000000	0.000000
mwmcf	26	121.000000	0.000000
mwmcf	27	121.000000	0.000000
mwmcf	28	121.000000	0.000000
mwmcf	29	121.000000	0.000000
mwmcf	30	121.000000	0.000000
mwmcf	31	121.000000	0.000000
mwmcf	32	121.000000	0.000000
mwmcf	33	121.000000	0.000000
mwmcf	34	121.000000	0.000000
mwmcf	35	121.000000	0.000000
mwmcf	36	121.000000	0.000000
mwmcf	37	121.000000	0.000000
mwmcf	38	121.000000	0.000000
mwmcf	39	121.000000	0.000000
mwmcf	40	121.000000	0.000000
mwmcf	41	121.000000	0.000000
mwmcf	42	121.000000	0.000000
mwmcf	43	121.000000	0.000000
mwmcf	44	121.000000	0.000000
mwmcf	45	121.000000	0.000000
mwmcf	46	121.000000	0.000000
mwmcf	47	121.000000	0.000000
mwmcf	48	121.000000	0.000000
mwmcf	49	121.000000	0.000000
mwmcf	50	121.000000	0.000000
mwmcf	51	121.000000	0.000000
mwmcf	52	121.000000	0.000000
mwmcf	53	121.000000	0.000000
mwmcf	54	121.000000	0.000000
mwmcf	55	121.000000	0.000000
mwmcf	56	121.000000	0.000000
mwmcf	57	121.000000	0.000000
mwmcf	58	121.000000	0.000000
mwmcf	59	121.000000	0.000000
mwmcf	60	121.000000	0.000000
mwmcf	61	121.000000	0.000000
mwmcf	62	121.000000	0.000000
mwmcf	63	121.000000	0.000000
mwmcf	64	121.000000	0.000000
mwmcf	65	121.000000	0.000000
mwmcf	66	121.000000	0.000000
mwmcf	67	121.000000	0.000000
mwmcf	68	121.000000	0.000000
mwmcf	69	121.000000	0.000000
mwmcf	70	121.000000	0.000000
mwmcf	71	121.000000	0.000000
mwmcf	72	121.000000	0.000000
mwmcf	73	121.000000	0.000000
mwmcf	74	121.000000	0.000000
mwmcf	75	121.000000	0.000000
mwmcf	76	121.000000	0.000000
mwmcf	77	121.000000	0.000000
mwmcf	78	121.000000	0.000000
mwmcf	79	121.000000	0.000000
mwmcf	80	121.000000	0.000000
mwmcf	81	121.000000	0.000000
mwmcf	82	121.000000	0.000000
mwmcf	83	121.000000	0.000000
mwmcf	84	121.000000	0.000000
mwmcf	85	121.000000	0.000000
mwmcf	86	121.000000	0.000000
mwmcf	87	121.000000	0.000000
mwmcf	88	121.000000	0.000000
mwmcf	89	121.000000	0.000000
mwmcf	90	121.000000	0.000000
mwmcf	91	121.000000	0.000000
mwmcf	92	121.000000	0.000000
mwmcf	93	121.000000	0.000000
mwmcf	94	121.000000	0.000000
mwmcf	95	121.000000	0.000000
mwmcf	96	121.000000	0.000000
mwmcf	97	121.000000	0.000000
mwmcf	98	121.000000	0.000000
mwmcf	99	121.000000	0.000000
raeke	0	728.000000	0.000000
raeke	1	728.000000	0.000000
raeke	2	728.000000	0.000000
raeke	3	728.000000	0.000000
raeke	4	728.000000	0.000000
raeke	5	728.000000	0.000000
raeke	6	728.000000	0.000000
raeke	7	728.000000	0.000000
raeke	8	728.000000	0.000000
raeke	9	728.000000	0.000000
raeke	10	728.000000	0.000000
raeke	11	728.000000	0.000000
raeke	12	728.000000	0.000000
raeke	13	728.000000	0.000000
raeke	14	728.000000	0.000000
raeke	15	728.000000	0.000000
raeke	16	728.000000	0.000000
raeke	17	728.000000	0.000000
raeke	18	728.000000	0.000000
raeke	19	728.000000	0.000000
raeke	20	728.000000	0.000000
raeke	21	728.000000	0.000000
raeke	22	728.000000	0.000000
raeke	23	728.000000	0.000000
raeke	24	728.000000	0.000000
raeke	25	728.000000	0.000000
raeke	26	728.000000	0.000000
raeke	27	728.000000	0.000000
raeke	28	728.000000	0.000000
raeke	29	728.000000	0.000000
raeke	30	728.000000	0.000000
raeke	31	728.000000	0.000000
raeke	32	728.000000	0.000000
raeke	33	728.000000	0.000000
raeke	34	728.000000	0.000000
raeke	35	728.000000	0.000000
raeke	36	728.000000	0.000000
raeke	37	728.000000	0.000000
raeke	38	728.000000	0.000000
raeke	39	728.000000	0.000000
raeke	40	728.000000	0.000000
raeke	41	728.000000	0.000000
raeke	42	728.000000	0.000000
raeke	43	728.000000	0.000000
raeke	44	728.000000	0.000000
raeke	45	728.000000	0.000000
raeke	46	728.000000	0.000000
raeke	47	728.000000	0.000000
raeke	48	728.000000	0.000000
raeke	49	728.000000	0.000000
raeke	50	728.000000	0.000000
raeke	51	728.000000	0.000000
raeke	52	728.000000	0.000000
raeke	53	728.000000	0.000000
raeke	54	728.000000	0.000000
raeke	55	728.000000	0.000000
raeke	56	728.000000	0.000000
raeke	57	728.000000	0.000000
raeke	58	728.000000	0.000000
raeke	59	728.000000	0.000000
raeke	60	728.000000	0.000000
raeke	61	728.000000	0.000000
raeke	62	728.000000	0.000000
raeke	63	728.000000	0.000000
raeke	64	728.000000	0.000000
raeke	65	728.000000	0.000000
raeke	66	728.000000	0.000000
raeke	67	728.000000	0.000000
raeke	68	728.000000	0.000000
raeke	69	728.000000	0.000000
raeke	70	728.000000	0.000000
raeke	71	728.000000	0.000000
raeke	72	728.000000	0.000000
raeke	73	728.000000	0.000000
raeke	74	728.000000	0.000000
raeke	75	728.000000	0.000000
raeke	76	728.000000	0.000000
raeke	77	728.000000	0.000000
raeke	78	728.000000	0.000000
raeke	79	728.000000	0.000000
raeke	80	728.000000	0.000000
raeke	81	728.000000	0.000000
raeke	82	728.000000	0.000000
raeke	83	728.000000	0.000000
raeke	84	728.000000	0.000000
raeke	85	728.000000	0.000000
raeke	86	728.000000	0.000000
raeke	87	728.000000	0.000000
raeke	88	728.000000	0.000000
raeke	89	728.000000	0.000000
raeke	90	728.000000	0.000000
raeke	91	728.000000	0.000000
raeke	92	728.000000	0.000000
raeke	93	728.000000	0.000000
raeke	94	728.000000	0.000000
raeke	95	728.000000	0.000000
raeke	96	728.000000	0.000000
raeke	97	728.000000	0.000000
raeke	98	728.000000	0.000000
raeke	99	728.000000	0.000000
semimcfecmp	0	138.000000	0.000000
semimcfecmp	1	138.000000	0.000000
semimcfecmp	2	138.000000	0.000000
semimcfecmp	3	138.000000	0.000000
semimcfecmp	4	138.000000	0.000000
semimcfecmp	5	138.000000	0.000000
semimcfecmp	6	138.000000	0.000000
semimcfecmp	7	138.000000	0.000000
semimcfecmp	8	138.000000	0.000000
semimcfecmp	9	138.000000	0.000000
semimcfecmp	10	138.000000	0.000000
semimcfecmp	11	138.000000	0.000000
semimcfecmp	12	138.000000	0.000000
semimcfecmp	13	138.000000	0.000000
semimcfecmp	14	138.000000	0.000000
semimcfecmp	15	138.000000	0.000000
semimcfecmp	16	138.000000	0.000000
semimcfecmp	17	138.000000	0.000000
semimcfecmp	18	138.000000	0.000000
semimcfecmp	19	138.000000	0.000000
semimcfecmp	20	138.000000	0.000000
semimcfecmp	21	138.000000	0.000000
semimcfecmp	22	138.000000	0.000000
semimcfecmp	23	138.000000	0.000000
semimcfecmp	24	138.000000	0.000000
semimcfecmp	25	138.000000	0.000000
semimcfecmp	26	138.000000	0.000000
semimcfecmp	27	138.000000	0.000000
semimcfecmp	28	138.000000	0.000000
semimcfecmp	29	138.000000	0.000000
semimcfecmp	30	138.000000	0.000000
semimcfecmp	31	138.000000	0.000000
semimcfecmp	32	138.000000	0.000000
semimcfecmp	33	138.000000	0.000000
semimcfecmp	34	138.000000	0.000000
semimcfecmp	35	138.000000	0.000000
semimcfecmp	36	138.000000	0.000000
semimcfecmp	37	138.000000	0.000000
semimcfecmp	38	138.000000	0.000000
semimcfecmp	39	138.000000	0.000000
semimcfecmp	40	138.000000	0.000000
semimcfecmp	41	138.000000	0.000000
semimcfecmp	42	138.000000	0.000000
semimcfecmp	43	138.000000	0.000000
semimcfecmp	44	138.000000	0.000000
semimcfecmp	45	138.000000	0.000000
semimcfecmp	46	138.000000	0.000000
semimcfecmp	47	138.000000	0.000000
semimcfecmp	48	138.000000	0.000000
semimcfecmp	49	138.000000	0.000000
semimcfecmp	50	138.000000	0.000000
semimcfecmp	51	138.000000	0.000000
semimcfecmp	52	138.000000	0.000000
semimcfecmp	53	138.000000	0.000000
semimcfecmp	54	138.000000	0.000000
semimcfecmp	55	138.000000	0.000000
semimcfecmp	56	138.000000	0.000000
semimcfecmp	57	138.000000	0.000000
semimcfecmp	58	138.000000	0.000000
semimcfecmp	59	138.000000	0.000000
semimcfecmp	60	138.000000	0.000000
semimcfecmp	61	138.000000	0.000000
semimcfecmp	62	138.000000	0.000000
semimcfecmp	63	138.000000	0.000000
semimcfecmp	64	138.000000	0.000000
semimcfecmp	65	138.000000	0.000000
semimcfecmp	66	138.000000	0.000000
semimcfecmp	67	138.000000	0.000000
semimcfecmp	68	138.000000	0.000000
semimcfecmp	69	138.000000	0.000000
semimcfecmp	70	138.000000	0.000000
semimcfecmp	71	138.000000	0.000000
semimcfecmp	72	138.000000	0.000000
semimcfecmp	73	138.000000	0.000000
semimcfecmp	74	138.000000	0.000000
semimcfecmp	75	138.000000	0.000000
semimcfecmp	76	138.000000	0.000000
semimcfecmp	77	138.000000	0.000000
semimcfecmp	78	138.000000	0.000000
semimcfecmp	79	138.000000	0.000000
semimcfecmp	80	138.000000	0.000000
semimcfecmp	81	138.000000	0.000000
semimcfecmp	82	138.000000	0.000000
semimcfecmp	83	138.000000	0.000000
semimcfecmp	84	138.000000	0.000000
semimcfecmp	85	138.000000	0.000000
semimcfecmp	86	138.000000	0.000000
semimcfecmp	87	138.000000	0.000000
semimcfecmp	88	138.000000	0.000000
semimcfecmp	89	138.000000	0.000000
semimcfecmp	90	138.000000	0.000000
semimcfecmp	91	138.000000	0.000000
semimcfecmp	92	138.000000	0.000000
semimcfecmp	93	138.000000	0.000000
semimcfecmp	94	138.000000	0.000000
semimcfecmp	95	138.000000	0.000000
semimcfecmp	96	138.000000	0.000000
semimcfecmp	97	138.000000	0.000000
semimcfecmp	98	138.000000	0.000000
semimcfecmp	99	138.000000	0.000000
semimcfmcf	0	110.000000	0.000000
semimcfmcf	1	110.000000	0.000000
semimcfmcf	2	110.000000	0.000000
semimcfmcf	3	110.000000	0.000000
semimcfmcf	4	110.000000	0.000000
semimcfmcf	5	110.000000	0.000000
semimcfmcf	6	110.000000	0.000000
semimcfmcf	7	110.000000	0.000000
semimcfmcf	8	110.000000	0.000000
semimcfmcf	9	110.000000	0.000000
semimcfmcf	10	110.000000	0.000000
semimcfmcf	11	110.000000	0.000000
semimcfmcf	12	110.000000	0.000000
semimcfmcf	13	110.000000	0.000000
semimcfmcf	14	110.000000	0.000000
semimcfmcf	15	110.000000	0.000000
semimcfmcf	16	110.000000	0.000000
semimcfmcf	17	110.000000	0.000000
semimcfmcf	18	110.000000	0.000000
semimcfmcf	19	110.000000	0.000000
semimcfmcf	20	110.000000	0.000000
semimcfmcf	21	110.000000	0.000000
semimcfmcf	22	110.000000	0.000000
semimcfmcf	23	110.000000	0.000000
semimcfmcf	24	110.000000	0.000000
semimcfmcf	25	110.000000	0.000000
semimcfmcf	26	110.000000	0.000000
semimcfmcf	27	110.000000	0.000000
semimcfmcf	28	110.000000	0.000000
semimcfmcf	29	110.000000	0.000000
semimcfmcf	30	110.000000	0.000000
semimcfmcf	31	110.000000	0.000000
semimcfmcf	32	110.000000	0.000000
semimcfmcf	33	110.000000	0.000000
semimcfmcf	34	110.000000	0.000000
semimcfmcf	35	110.000000	0.000000
semimcfmcf	36	110.000000	0.000000
semimcfmcf	37	110.000000	0.000000
semimcfmcf	38	110.000000	0.000000
semimcfmcf	39	110.000000	0.000000
semimcfmcf	40	110.000000	0.000000
semimcfmcf	41	110.000000	0.000000
semimcfmcf	42	110.000000	0.000000
semimcfmcf	43	110.000000	0.000000
semimcfmcf	44	110.000000	0.000000
semimcfmcf	45	110.000000	0.000000
semimcfmcf	46	110.000000	0.000000
semimcfmcf	47	110.000000	0.000000
semimcfmcf	48	110.000000	0.000000
semimcfmcf	49	110.000000	0.000000
semimcfmcf	50	110.000000	0.000000
semimcfmcf	51	110.000000	0.000000
semimcfmcf	52	110.000000	0.000000
semimcfmcf	53	110.000000	0.000000
semimcfmcf	54	110.000000	0.000000
semimcfmcf	55	110.000000	0.000000
semimcfmcf	56	110.000000	0.000000
semimcfmcf	57	110.000000	0.000000
semimcfmcf	58	110.000000	0.000000
semimcfmcf	59	110.000000	0.000000
semimcfmcf	60	110.000000	0.000000
semimcfmcf	61	110.000000	0.000000
semimcfmcf	62	110.000000	0.000000
semimcfmcf	63	110.000000	0.000000
semimcfmcf	64	110.000000	0.000000
semimcfmcf	65	110.000000	0.000000
semimcfmcf	66	110.000000	0.000000
semimcfmcf	67	110.000000	0.000000
semimcfmcf	68	110.000000	0.000000
semimcfmcf	69	110.000000	0.000000
semimcfmcf	70	110.000000	0.000000
semimcfmcf	71	110.000000	0.000000
semimcfmcf	72	110.000000	0.000000
semimcfmcf	73	110.000000	0.000000
semimcfmcf	74	110.000000	0.000000
semimcfmcf	75	110.000000	0.000000
semimcfmcf	76	110.000000	0.000000
semimcfmcf	77	110.000000	0.000000
semimcfmcf	78	110.000000	0.000000
semimcfmcf	79	110.000000	0.000000
semimcfmcf	80	110.000000	0.000000
semimcfmcf	81	110.000000	0.000000
semimcfmcf	82	110.000000	0.000000
semimcfmcf	83	110.000000	0.000000
semimcfmcf	84	110.000000	0.000000
semimcfmcf	85	110.000000	0.000000
semimcfmcf	86	110.000000	0.000000
semimcfmcf	87	110.000000	0.000000
semimcfmcf	88	110.000000	0.000000
semimcfmcf	89	110.000000	0.000000
semimcfmcf	90	110.000000	0.000000
semimcfmcf	91	110.000000	0.000000
semimcfmcf	92	110.000000	0.000000
semimcfmcf	93	110.000000	0.000000
semimcfmcf	94	110.000000	0.000000
semimcfmcf	95	110.000000	0.000000
semimcfmcf	96	110.000000	0.000000
semimcfmcf	97	110.000000	0.000000
semimcfmcf	98	110.000000	0.000000
semimcfmcf	99	110.000000	0.000000
semimcfraeke	0	798.000000	0.000000
semimcfraeke	1	798.000000	0.000000
semimcfraeke	2	798.000000	0.000000
semimcfraeke	3	798.000000	0.000000
semimcfraeke	4	798.000000	0.000000
semimcfraeke	5	798.000000	0.000000
semimcfraeke	6	798.000000	0.000000
semimcfraeke	7	798.000000	0.000000
semimcfraeke	8	798.000000	0.000000
semimcfraeke	9	798.000000	0.000000
semimcfraeke	10	798.000000	0.000000
semimcfraeke	11	798.000000	0.000000
semimcfraeke	12	798.000000	0.000000
semimcfraeke	13	798.000000	0.000000
semimcfraeke	14	798.000000	0.000000
semimcfraeke	15	798.000000	0.000000
semimcfraeke	16	798.000000	0.000000
semimcfraeke	17	798.000000	0.000000
semimcfraeke	18	798.000000	0.000000
semimcfraeke	19	798.000000	0.000000
semimcfraeke	20	798.000000	0.000000
semimcfraeke	21	798.000000	0.000000
semimcfraeke	22	798.000000	0.000000
semimcfraeke	23	798.000000	0.000000
semimcfraeke	24	798.000000	0.000000
semimcfraeke	25	798.000000	0.000000
semimcfraeke	26	798.000000	0.000000
semimcfraeke	27	798.000000	0.000000
semimcfraeke	28	798.000000	0.000000
semimcfraeke	29	798.000000	0.000000
semimcfraeke	30	798.000000	0.000000
semimcfraeke	31	798.000000	0.000000
semimcfraeke	32	798.000000	0.000000
semimcfraeke	33	798.000000	0.000000
semimcfraeke	34	798.000000	0.000000
semimcfraeke	35	798.000000	0.000000
semimcfraeke	36	798.000000	0.000000
semimcfraeke	37	798.000000	0.000000
semimcfraeke	38	798.000000	0.000000
semimcfraeke	39	798.000000	0.000000
semimcfraeke	40	798.000000	0.000000
semimcfraeke	41	798.000000	0.000000
semimcfraeke	42	798.000000	0.000000
semimcfraeke	43	798.000000	0.000000
semimcfraeke	44	798.000000	0.000000
semimcfraeke	45	798.000000	0.000000
semimcfraeke	46	798.000000	0.000000
semimcfraeke	47	798.000000	0.000000
semimcfraeke	48	798.000000	0.000000
semimcfraeke	49	798.000000	0.000000
semimcfraeke	50	798.000000	0.000000
semimcfraeke	51	798.000000	0.000000
semimcfraeke	52	798.000000	0.000000
semimcfraeke	53	798.000000	0.000000
semimcfraeke	54	798.000000	0.000000
semimcfraeke	55	798.000000	0.000000
semimcfraeke	56	798.000000	0.000000
semimcfraeke	57	798.000000	0.000000
semimcfraeke	58	798.000000	0.000000
semimcfraeke	59	798.000000	0.000000
semimcfraeke	60	798.000000	0.000000
semimcfraeke	61	798.000000	0.000000
semimcfraeke	62	798.000000	0.000000
semimcfraeke	63	798.000000	0.000000
semimcfraeke	64	798.000000	0.000000
semimcfraeke	65	798.000000	0.000000
semimcfraeke	66	798.000000	0.000000
semimcfraeke	67	798.000000	0.000000
semimcfraeke	68	798.000000	0.000000
semimcfraeke	69	798.000000	0.000000
semimcfraeke	70	798.000000	0.000000
semimcfraeke	71	798.000000	0.000000
semimcfraeke	72	798.000000	0.000000
semimcfraeke	73	798.000000	0.000000
semimcfraeke	74	798.000000	0.000000
semimcfraeke	75	798.000000	0.000000
semimcfraeke	76	798.000000	0.000000
semimcfraeke	77	798.000000	0.000000
semimcfraeke	78	798.000000	0.000000
semimcfraeke	79	798.000000	0.000000
semimcfraeke	80	798.000000	0.000000
semimcfraeke	81	798.000000	0.000000
semimcfraeke	82	798.000000	0.000000
semimcfraeke	83	798.000000	0.000000
semimcfraeke	84	798.000000	0.000000
semimcfraeke	85	798.000000	0.000000
semimcfraeke	86	798.000000	0.000000
semimcfraeke	87	798.000000	0.000000
semimcfraeke	88	798.000000	0.000000
semimcfraeke	89	798.000000	0.000000
semimcfraeke	90	798.000000	0.000000
semimcfraeke	91	798.000000	0.000000
semimcfraeke	92	798.000000	0.000000
semimcfraeke	93	798.000000	0.000000
semimcfraeke	94	798.000000	0.000000
semimcfraeke	95	798.000000	0.000000
semimcfraeke	96	798.000000	0.000000
semimcfraeke	97	798.000000	0.000000
semimcfraeke	98	798.000000	0.000000
semimcfraeke	99	798.000000	0.000000
semimcfvlb	0	846.000000	0.000000
semimcfvlb	1	846.000000	0.000000
semimcfvlb	2	846.000000	0.000000
semimcfvlb	3	846.000000	0.000000
semimcfvlb	4	846.000000	0.000000
semimcfvlb	5	846.000000	0.000000
semimcfvlb	6	846.000000	0.000000
semimcfvlb	7	846.000000	0.000000
semimcfvlb	8	846.000000	0.000000
semimcfvlb	9	846.000000	0.000000
semimcfvlb	10	846.000000	0.000000
semimcfvlb	11	846.000000	0.000000
semimcfvlb	12	846.000000	0.000000
semimcfvlb	13	846.000000	0.000000
semimcfvlb	14	846.000000	0.000000
semimcfvlb	15	846.000000	0.000000
semimcfvlb	16	846.000000	0.000000
semimcfvlb	17	846.000000	0.000000
semimcfvlb	18	846.000000	0.000000
semimcfvlb	19	846.000000	0.000000
semimcfvlb	20	846.000000	0.000000
semimcfvlb	21	846.000000	0.000000
semimcfvlb	22	846.000000	0.000000
semimcfvlb	23	846.000000	0.000000
semimcfvlb	24	846.000000	0.000000
semimcfvlb	25	846.000000	0.000000
semimcfvlb	26	846.000000	0.000000
semimcfvlb	27	846.000000	0.000000
semimcfvlb	28	846.000000	0.000000
semimcfvlb	29	846.000000	0.000000
semimcfvlb	30	846.000000	0.000000
semimcfvlb	31	846.000000	0.000000
semimcfvlb	32	846.000000	0.000000
semimcfvlb	33	846.000000	0.000000
semimcfvlb	34	846.000000	0.000000
semimcfvlb	35	846.000000	0.000000
semimcfvlb	36	846.000000	0.000000
semimcfvlb	37	846.000000	0.000000
semimcfvlb	38	846.000000	0.000000
semimcfvlb	39	846.000000	0.000000
semimcfvlb	40	846.000000	0.000000
semimcfvlb	41	846.000000	0.000000
semimcfvlb	42	846.000000	0.000000
semimcfvlb	43	846.000000	0.000000
semimcfvlb	44	846.000000	0.000000
semimcfvlb	45	846.000000	0.000000
semimcfvlb	46	846.000000	0.000000
semimcfvlb	47	846.000000	0.000000
semimcfvlb	48	846.000000	0.000000
semimcfvlb	49	846.000000	0.000000
semimcfvlb	50	846.000000	0.000000
semimcfvlb	51	846.000000	0.000000
semimcfvlb	52	846.000000	0.000000
semimcfvlb	53	846.000000	0.000000
semimcfvlb	54	846.000000	0.000000
semimcfvlb	55	846.000000	0.000000
semimcfvlb	56	846.000000	0.000000
semimcfvlb	57	846.000000	0.000000
semimcfvlb	58	846.000000	0.000000
semimcfvlb	59	846.000000	0.000000
semimcfvlb	60	846.000000	0.000000
semimcfvlb	61	846.000000	0.000000
semimcfvlb	62	846.000000	0.000000
semimcfvlb	63	846.000000	0.000000
semimcfvlb	64	846.000000	0.000000
semimcfvlb	65	846.000000	0.000000
semimcfvlb	66	846.000000	0.000000
semimcfvlb	67	846.000000	0.000000
semimcfvlb	68	846.000000	0.000000
semimcfvlb	69	846.000000	0.000000
semimcfvlb	70	846.000000	0.000000
semimcfvlb	71	846.000000	0.000000
semimcfvlb	72	846.000000	0.000000
semimcfvlb	73	846.000000	0.000000
semimcfvlb	74	846.000000	0.000000
semimcfvlb	75	846.000000	0.000000
semimcfvlb	76	846.000000	0.000000
semimcfvlb	77	846.000000	0.000000
semimcfvlb	78	846.000000	0.000000
semimcfvlb	79	846.000000	0.000000
semimcfvlb	80	846.000000	0.000000
semimcfvlb	81	846.000000	0.000000
semimcfvlb	82	846.000000	0.000000
semimcfvlb	83	846.000000	0.000000
semimcfvlb	84	846.000000	0.000000
semimcfvlb	85	846.000000	0.000000
semimcfvlb	86	846.000000	0.000000
semimcfvlb	87	846.000000	0.000000
semimcfvlb	88	846.000000	0.000000
semimcfvlb	89	846.000000	0.000000
semimcfvlb	90	846.000000	0.000000
semimcfvlb	91	846.000000	0.000000
semimcfvlb	92	846.000000	0.000000
semimcfvlb	93	846.000000	0.000000
semimcfvlb	94	846.000000	0.000000
semimcfvlb	95	846.000000	0.000000
semimcfvlb	96	846.000000	0.000000
semimcfvlb	97	846.000000	0.000000
semimcfvlb	98	846.000000	0.000000
semimcfvlb	99	846.000000	0.000000
spf	0	121.000000	0.000000
spf	1	121.000000	0.000000
spf	2	121.000000	0.000000
spf	3	121.000000	0.000000
spf	4	121.000000	0.000000
spf	5	121.000000	0.000000
spf	6	121.000000	0.000000
spf	7	121.000000	0.000000
spf	8	121.000000	0.000000
spf	9	121.000000	0.000000
spf	10	121.000000	0.000000
spf	11	121.000000	0.000000
spf	12	121.000000	0.000000
spf	13	121.000000	0.000000
spf	14	121.000000	0.000000
spf	15	121.000000	0.000000
spf	16	121.000000	0.000000
spf	17	121.000000	0.000000
spf	18	121.000000	0.000000
spf	19	121.000000	0.000000
spf	20	121.000000	0.000000
spf	21	121.000000	0.000000
spf	22	121.000000	0.000000
spf	23	121.000000	0.000000
spf	24	121.000000	0.000000
spf	25	121.000000	0.000000
spf	26	121.000000	0.000000
spf	27	121.000000	0.000000
spf	28	121.000000	0.000000
spf	29	121.000000	0.000000
spf	30	121.000000	0.000000
spf	31	121.000000	0.000000
spf	32	121.000000	0.000000
spf	33	121.000000	0.000000
spf	34	121.000000	0.000000
spf	35	121.000000	0.000000
spf	36	121.000000	0.000000
spf	37	121.000000	0.000000
spf	38	121.000000	0.000000
spf	39	121.000000	0.000000
spf	40	121.000000	0.000000
spf	41	121.000000	0.000000
spf	42	121.000000	0.000000
spf	43	121.000000	0.000000
spf	44	121.000000	0.000000
spf	45	121.000000	0.000000
spf	46	121.000000	0.000000
spf	47	121.000000	0.000000
spf	48	121.000000	0.000000
spf	49	121.000000	0.000000
spf	50	121.000000	0.000000
spf	51	121.000000	0.000000
spf	52	121.000000	0.000000
spf	53	121.000000	0.000000
spf	54	121.000000	0.000000
spf	55	121.000000	0.000000
spf	56	121.000000	0.000000
spf	57	121.000000	0.000000
spf	58	121.000000	0.000000
spf	59	121.000000	0.000000
spf	60	121.000000	0.000000
spf	61	121.000000	0.000000
spf	62	121.000000	0.000000
spf	63	121.000000	0.000000
spf	64	121.000000	0.000000
spf	65	121.000000	0.000000
spf	66	121.000000	0.000000
spf	67	121.000000	0.000000
spf	68	121.000000	0.000000
spf	69	121.000000	0.000000
spf	70	121.000000	0.000000
spf	71	121.000000	0.000000
spf	72	121.000000	0.000000
spf	73	121.000000	0.000000
spf	74	121.000000	0.000000
spf	75	121.000000	0.000000
spf	76	121.000000	0.000000
spf	77	121.000000	0.000000
spf	78	121.000000	0.000000
spf	79	121.000000	0.000000
spf	80	121.000000	0.000000
spf	81	121.000000	0.000000
spf	82	121.000000	0.000000
spf	83	121.000000	0.000000
spf	84	121.000000	0.000000
spf	85	121.000000	0.000000
spf	86	121.000000	0.000000
spf	87	121.000000	0.000000
spf	88	121.000000	0.000000
spf	89	121.000000	0.000000
spf	90	121.000000	0.000000
spf	91	121.000000	0.000000
spf	92	121.000000	0.000000
spf	93	121.000000	0.000000
spf	94	121.000000	0.000000
spf	95	121.000000	0.000000
spf	96	121.000000	0.000000
spf	97	121.000000	0.000000
spf	98	121.000000	0.000000
spf	99	121.000000	0.000000
vlb	0	967.000000	0.000000
vlb	1	967.000000	0.000000
vlb	2	967.000000	0.000000
vlb	3	967.000000	0.000000
vlb	4	967.000000	0.000000
vlb	5	967.000000	0.000000
vlb	6	967.000000	0.000000
vlb	7	967.000000	0.000000
vlb	8	967.000000	0.000000
vlb	9	967.000000	0.000000
vlb	10	967.000000	0.000000
vlb	11	967.000000	0.000000
vlb	12	967.000000	0.000000
vlb	13	967.000000	0.000000
vlb	14	967.000000	0.000000
vlb	15	967.000000	0.000000
vlb	16	967.000000	0.000000
vlb	17	967.000000	0.000000
vlb	18	967.000000	0.000000
vlb	19	967.000000	0.000000
vlb	20	967.000000	0.000000
vlb	21	967.000000	0.000000
vlb	22	967.000000	0.000000
vlb	23	967.000000	0.000000
vlb	24	967.000000	0.000000
vlb	25	967.000000	0.000000
vlb	26	967.000000	0.000000
vlb	27	967.000000	0.000000
vlb	28	967.000000	0.000000
vlb	29	967.000000	0.000000
vlb	30	967.000000	0.000000
vlb	31	967.000000	0.000000
vlb	32	967.000000	0.000000
vlb	33	967.000000	0.000000
vlb	34	967.000000	0.000000
vlb	35	967.000000	0.000000
vlb	36	967.000000	0.000000
vlb	37	967.000000	0.000000
vlb	38	967.000000	0.000000
vlb	39	967.000000	0.000000
vlb	40	967.000000	0.000000
vlb	41	967.000000	0.000000
vlb	42	967.000000	0.000000
vlb	43	967.000000	0.000000
vlb	44	967.000000	0.000000
vlb	45	967.000000	0.000000
vlb	46	967.000000	0.000000
vlb	47	967.000000	0.000000
vlb	48	967.000000	0.000000
vlb	49	967.000000	0.000000
vlb	50	967.000000	0.000000
vlb	51	967.000000	0.000000
vlb	52	967.000000	0.000000
vlb	53	967.000000	0.000000
vlb	54	967.000000	0.000000
vlb	55	967.000000	0.000000
vlb	56	967.000000	0.000000
vlb	57	967.000000	0.000000
vlb	58	967.000000	0.000000
vlb	59	967.000000	0.000000
vlb	60	967.000000	0.000000
vlb	61	967.000000	0.000000
vlb	62	967.000000	0.000000
vlb	63	967.000000	0.000000
vlb	64	967.000000	0.000000
vlb	65	967.000000	0.000000
vlb	66	967.000000	0.000000
vlb	67	967.000000	0.000000
vlb	68	967.000000	0.000000
vlb	69	967.000000	0.000000
vlb	70	967.000000	0.000000
vlb	71	967.000000	0.000000
vlb	72	967.000000	0.000000
vlb	73	967.000000	0.000000
vlb	74	967.000000	0.000000
vlb	75	967.000000	0.000000
vlb	76	967.000000	0.000000
vlb	77	967.000000	0.000000
vlb	78	967.000000	0.000000
vlb	79	967.000000	0.000000
vlb	80	967.000000	0.000000
vlb	81	967.000000	0.000000
vlb	82	967.000000	0.000000
vlb	83	967.000000	0.000000
vlb	84	967.000000	0.000000
vlb	85	967.000000	0.000000
vlb	86	967.000000	0.000000
vlb	87	967.000000	0.000000
vlb	88	967.000000	0.000000
vlb	89	967.000000	0.000000
vlb	90	967.000000	0.000000
vlb	91	967.000000	0.000000
vlb	92	967.000000	0.000000
vlb	93	967.000000	0.000000
vlb	94	967.000000	0.000000
vlb	95	967.000000	0.000000
vlb	96	967.000000	0.000000
vlb	97	967.000000	0.000000
vlb	98	967.000000	0.000000
vlb	99	967.000000	0.000000

