0.00 0.00 0.00 0.00 0.00 0.00 0.00 4000000000.00 0.00 0.00 0.00 0.00 0.00 0.00 4000000000.00 0.00 0.00 0.00 0.00 0.00 0.00 4000000000.00 0.00 0.00 0.00 0.00 0.00 0.00 4000000000.00 0.00 0.00 0.00 0.00 0.00 0.00 4000000000.00 0.00 0.00 0.00 0.00 0.00 0.00 4000000000.00 0.00 0.00 0.00 0.00 0.00 0.00 4000000000.00 0.00 0.00 0.00 0.00 0.00 0.00 4000000000.00 0.00 0.00 0.00 0.00 0.00 0.00 0.00 
0.00 0.00 0.00 0.00 0.00 0.00 0.00 4000000000.00 0.00 0.00 0.00 0.00 0.00 0.00 4000000000.00 0.00 0.00 0.00 0.00 0.00 0.00 4000000000.00 0.00 0.00 0.00 0.00 0.00 0.00 4000000000.00 0.00 0.00 0.00 0.00 0.00 0.00 4000000000.00 0.00 0.00 0.00 0.00 0.00 0.00 4000000000.00 0.00 0.00 0.00 0.00 0.00 0.00 4000000000.00 0.00 0.00 0.00 0.00 0.00 0.00 4000000000.00 0.00 0.00 0.00 0.00 0.00 0.00 0.00 
0.00 0.00 0.00 0.00 0.00 0.00 0.00 4000000000.00 0.00 0.00 0.00 0.00 0.00 0.00 4000000000.00 0.00 0.00 0.00 0.00 0.00 0.00 4000000000.00 0.00 0.00 0.00 0.00 0.00 0.00 4000000000.00 0.00 0.00 0.00 0.00 0.00 0.00 4000000000.00 0.00 0.00 0.00 0.00 0.00 0.00 4000000000.00 0.00 0.00 0.00 0.00 0.00 0.00 4000000000.00 0.00 0.00 0.00 0.00 0.00 0.00 4000000000.00 0.00 0.00 0.00 0.00 0.00 0.00 0.00 
0.00 0.00 0.00 0.00 0.00 0.00 0.00 4000000000.00 0.00 0.00 0.00 0.00 0.00 0.00 4000000000.00 0.00 0.00 0.00 0.00 0.00 0.00 4000000000.00 0.00 0.00 0.00 0.00 0.00 0.00 4000000000.00 0.00 0.00 0.00 0.00 0.00 0.00 4000000000.00 0.00 0.00 0.00 0.00 0.00 0.00 4000000000.00 0.00 0.00 0.00 0.00 0.00 0.00 4000000000.00 0.00 0.00 0.00 0.00 0.00 0.00 4000000000.00 0.00 0.00 0.00 0.00 0.00 0.00 0.00 
0.00 0.00 0.00 0.00 0.00 0.00 0.00 4000000000.00 0.00 0.00 0.00 0.00 0.00 0.00 4000000000.00 0.00 0.00 0.00 0.00 0.00 0.00 4000000000.00 0.00 0.00 0.00 0.00 0.00 0.00 4000000000.00 0.00 0.00 0.00 0.00 0.00 0.00 4000000000.00 0.00 0.00 0.00 0.00 0.00 0.00 4000000000.00 0.00 0.00 0.00 0.00 0.00 0.00 4000000000.00 0.00 0.00 0.00 0.00 0.00 0.00 4000000000.00 0.00 0.00 0.00 0.00 0.00 0.00 0.00 
0.00 0.00 0.00 0.00 0.00 0.00 0.00 4000000000.00 0.00 0.00 0.00 0.00 0.00 0.00 4000000000.00 0.00 0.00 0.00 0.00 0.00 0.00 4000000000.00 0.00 0.00 0.00 0.00 0.00 0.00 4000000000.00 0.00 0.00 0.00 0.00 0.00 0.00 4000000000.00 0.00 0.00 0.00 0.00 0.00 0.00 4000000000.00 0.00 0.00 0.00 0.00 0.00 0.00 4000000000.00 0.00 0.00 0.00 0.00 0.00 0.00 4000000000.00 0.00 0.00 0.00 0.00 0.00 0.00 0.00 
0.00 0.00 0.00 0.00 0.00 0.00 0.00 4000000000.00 0.00 0.00 0.00 0.00 0.00 0.00 4000000000.00 0.00 0.00 0.00 0.00 0.00 0.00 4000000000.00 0.00 0.00 0.00 0.00 0.00 0.00 4000000000.00 0.00 0.00 0.00 0.00 0.00 0.00 4000000000.00 0.00 0.00 0.00 0.00 0.00 0.00 4000000000.00 0.00 0.00 0.00 0.00 0.00 0.00 4000000000.00 0.00 0.00 0.00 0.00 0.00 0.00 4000000000.00 0.00 0.00 0.00 0.00 0.00 0.00 0.00 
0.00 0.00 0.00 0.00 0.00 0.00 0.00 4000000000.00 0.00 0.00 0.00 0.00 0.00 0.00 4000000000.00 0.00 0.00 0.00 0.00 0.00 0.00 4000000000.00 0.00 0.00 0.00 0.00 0.00 0.00 4000000000.00 0.00 0.00 0.00 0.00 0.00 0.00 4000000000.00 0.00 0.00 0.00 0.00 0.00 0.00 4000000000.00 0.00 0.00 0.00 0.00 0.00 0.00 4000000000.00 0.00 0.00 0.00 0.00 0.00 0.00 4000000000.00 0.00 0.00 0.00 0.00 0.00 0.00 0.00 
0.00 0.00 0.00 0.00 0.00 0.00 0.00 4000000000.00 0.00 0.00 0.00 0.00 0.00 0.00 4000000000.00 0.00 0.00 0.00 0.00 0.00 0.00 4000000000.00 0.00 0.00 0.00 0.00 0.00 0.00 4000000000.00 0.00 0.00 0.00 0.00 0.00 0.00 4000000000.00 0.00 0.00 0.00 0.00 0.00 0.00 4000000000.00 0.00 0.00 0.00 0.00 0.00 0.00 4000000000.00 0.00 0.00 0.00 0.00 0.00 0.00 4000000000.00 0.00 0.00 0.00 0.00 0.00 0.00 0.00 
0.00 0.00 0.00 0.00 0.00 0.00 0.00 4000000000.00 0.00 0.00 0.00 0.00 0.00 0.00 4000000000.00 0.00 0.00 0.00 0.00 0.00 0.00 4000000000.00 0.00 0.00 0.00 0.00 0.00 0.00 4000000000.00 0.00 0.00 0.00 0.00 0.00 0.00 4000000000.00 0.00 0.00 0.00 0.00 0.00 0.00 4000000000.00 0.00 0.00 0.00 0.00 0.00 0.00 4000000000.00 0.00 0.00 0.00 0.00 0.00 0.00 4000000000.00 0.00 0.00 0.00 0.00 0.00 0.00 0.00 
0.00 0.00 0.00 0.00 0.00 0.00 0.00 4000000000.00 0.00 0.00 0.00 0.00 0.00 0.00 4000000000.00 0.00 0.00 0.00 0.00 0.00 0.00 4000000000.00 0.00 0.00 0.00 0.00 0.00 0.00 4000000000.00 0.00 0.00 0.00 0.00 0.00 0.00 4000000000.00 0.00 0.00 0.00 0.00 0.00 0.00 4000000000.00 0.00 0.00 0.00 0.00 0.00 0.00 4000000000.00 0.00 0.00 0.00 0.00 0.00 0.00 4000000000.00 0.00 0.00 0.00 0.00 0.00 0.00 0.00 
0.00 0.00 0.00 0.00 0.00 0.00 0.00 4000000000.00 0.00 0.00 0.00 0.00 0.00 0.00 4000000000.00 0.00 0.00 0.00 0.00 0.00 0.00 4000000000.00 0.00 0.00 0.00 0.00 0.00 0.00 4000000000.00 0.00 0.00 0.00 0.00 0.00 0.00 4000000000.00 0.00 0.00 0.00 0.00 0.00 0.00 4000000000.00 0.00 0.00 0.00 0.00 0.00 0.00 4000000000.00 0.00 0.00 0.00 0.00 0.00 0.00 4000000000.00 0.00 0.00 0.00 0.00 0.00 0.00 0.00 
0.00 0.00 0.00 0.00 0.00 0.00 0.00 4000000000.00 0.00 0.00 0.00 0.00 0.00 0.00 4000000000.00 0.00 0.00 0.00 0.00 0.00 0.00 4000000000.00 0.00 0.00 0.00 0.00 0.00 0.00 4000000000.00 0.00 0.00 0.00 0.00 0.00 0.00 4000000000.00 0.00 0.00 0.00 0.00 0.00 0.00 4000000000.00 0.00 0.00 0.00 0.00 0.00 0.00 4000000000.00 0.00 0.00 0.00 0.00 0.00 0.00 4000000000.00 0.00 0.00 0.00 0.00 0.00 0.00 0.00 
0.00 0.00 0.00 0.00 0.00 0.00 0.00 4000000000.00 0.00 0.00 0.00 0.00 0.00 0.00 4000000000.00 0.00 0.00 0.00 0.00 0.00 0.00 4000000000.00 0.00 0.00 0.00 0.00 0.00 0.00 4000000000.00 0.00 0.00 0.00 0.00 0.00 0.00 4000000000.00 0.00 0.00 0.00 0.00 0.00 0.00 4000000000.00 0.00 0.00 0.00 0.00 0.00 0.00 4000000000.00 0.00 0.00 0.00 0.00 0.00 0.00 4000000000.00 0.00 0.00 0.00 0.00 0.00 0.00 0.00 
0.00 0.00 0.00 0.00 0.00 0.00 0.00 4000000000.00 0.00 0.00 0.00 0.00 0.00 0.00 4000000000.00 0.00 0.00 0.00 0.00 0.00 0.00 4000000000.00 0.00 0.00 0.00 0.00 0.00 0.00 4000000000.00 0.00 0.00 0.00 0.00 0.00 0.00 4000000000.00 0.00 0.00 0.00 0.00 0.00 0.00 4000000000.00 0.00 0.00 0.00 0.00 0.00 0.00 4000000000.00 0.00 0.00 0.00 0.00 0.00 0.00 4000000000.00 0.00 0.00 0.00 0.00 0.00 0.00 0.00 
0.00 0.00 0.00 0.00 0.00 0.00 0.00 4000000000.00 0.00 0.00 0.00 0.00 0.00 0.00 4000000000.00 0.00 0.00 0.00 0.00 0.00 0.00 4000000000.00 0.00 0.00 0.00 0.00 0.00 0.00 4000000000.00 0.00 0.00 0.00 0.00 0.00 0.00 4000000000.00 0.00 0.00 0.00 0.00 0.00 0.00 4000000000.00 0.00 0.00 0.00 0.00 0.00 0.00 4000000000.00 0.00 0.00 0.00 0.00 0.00 0.00 4000000000.00 0.00 0.00 0.00 0.00 0.00 0.00 0.00 
0.00 0.00 0.00 0.00 0.00 0.00 0.00 4000000000.00 0.00 0.00 0.00 0.00 0.00 0.00 4000000000.00 0.00 0.00 0.00 0.00 0.00 0.00 4000000000.00 0.00 0.00 0.00 0.00 0.00 0.00 4000000000.00 0.00 0.00 0.00 0.00 0.00 0.00 4000000000.00 0.00 0.00 0.00 0.00 0.00 0.00 4000000000.00 0.00 0.00 0.00 0.00 0.00 0.00 4000000000.00 0.00 0.00 0.00 0.00 0.00 0.00 4000000000.00 0.00 0.00 0.00 0.00 0.00 0.00 0.00 
0.00 0.00 0.00 0.00 0.00 0.00 0.00 4000000000.00 0.00 0.00 0.00 0.00 0.00 0.00 4000000000.00 0.00 0.00 0.00 0.00 0.00 0.00 4000000000.00 0.00 0.00 0.00 0.00 0.00 0.00 4000000000.00 0.00 0.00 0.00 0.00 0.00 0.00 4000000000.00 0.00 0.00 0.00 0.00 0.00 0.00 4000000000.00 0.00 0.00 0.00 0.00 0.00 0.00 4000000000.00 0.00 0.00 0.00 0.00 0.00 0.00 4000000000.00 0.00 0.00 0.00 0.00 0.00 0.00 0.00 
0.00 0.00 0.00 0.00 0.00 0.00 0.00 4000000000.00 0.00 0.00 0.00 0.00 0.00 0.00 4000000000.00 0.00 0.00 0.00 0.00 0.00 0.00 4000000000.00 0.00 0.00 0.00 0.00 0.00 0.00 4000000000.00 0.00 0.00 0.00 0.00 0.00 0.00 4000000000.00 0.00 0.00 0.00 0.00 0.00 0.00 4000000000.00 0.00 0.00 0.00 0.00 0.00 0.00 4000000000.00 0.00 0.00 0.00 0.00 0.00 0.00 4000000000.00 0.00 0.00 0.00 0.00 0.00 0.00 0.00 
0.00 0.00 0.00 0.00 0.00 0.00 0.00 4000000000.00 0.00 0.00 0.00 0.00 0.00 0.00 4000000000.00 0.00 0.00 0.00 0.00 0.00 0.00 4000000000.00 0.00 0.00 0.00 0.00 0.00 0.00 4000000000.00 0.00 0.00 0.00 0.00 0.00 0.00 4000000000.00 0.00 0.00 0.00 0.00 0.00 0.00 4000000000.00 0.00 0.00 0.00 0.00 0.00 0.00 4000000000.00 0.00 0.00 0.00 0.00 0.00 0.00 4000000000.00 0.00 0.00 0.00 0.00 0.00 0.00 0.00 
