0.00 714285714.00 714285714.00 0.00 714285714.00 714285714.00 0.00 0.00 714285714.00 714285714.00 714285714.00 0.00 0.00 714285714.00 714285714.00 0.00 714285714.00 714285714.00 0.00 0.00 714285714.00 714285714.00 714285714.00 0.00 0.00 
0.00 714285714.00 714285714.00 0.00 714285714.00 714285714.00 0.00 0.00 714285714.00 714285714.00 714285714.00 0.00 0.00 714285714.00 714285714.00 0.00 714285714.00 714285714.00 0.00 0.00 714285714.00 714285714.00 714285714.00 0.00 0.00 
0.00 714285714.00 714285714.00 0.00 714285714.00 714285714.00 0.00 0.00 714285714.00 714285714.00 714285714.00 0.00 0.00 714285714.00 714285714.00 0.00 714285714.00 714285714.00 0.00 0.00 714285714.00 714285714.00 714285714.00 0.00 0.00 
0.00 714285714.00 714285714.00 0.00 714285714.00 714285714.00 0.00 0.00 714285714.00 714285714.00 714285714.00 0.00 0.00 714285714.00 714285714.00 0.00 714285714.00 714285714.00 0.00 0.00 714285714.00 714285714.00 714285714.00 0.00 0.00 
0.00 714285714.00 714285714.00 0.00 714285714.00 714285714.00 0.00 0.00 714285714.00 714285714.00 714285714.00 0.00 0.00 714285714.00 714285714.00 0.00 714285714.00 714285714.00 0.00 0.00 714285714.00 714285714.00 714285714.00 0.00 0.00 
0.00 714285714.00 714285714.00 0.00 714285714.00 714285714.00 0.00 0.00 714285714.00 714285714.00 714285714.00 0.00 0.00 714285714.00 714285714.00 0.00 714285714.00 714285714.00 0.00 0.00 714285714.00 714285714.00 714285714.00 0.00 0.00 
0.00 714285714.00 714285714.00 0.00 714285714.00 714285714.00 0.00 0.00 714285714.00 714285714.00 714285714.00 0.00 0.00 714285714.00 714285714.00 0.00 714285714.00 714285714.00 0.00 0.00 714285714.00 714285714.00 714285714.00 0.00 0.00 
0.00 714285714.00 714285714.00 0.00 714285714.00 714285714.00 0.00 0.00 714285714.00 714285714.00 714285714.00 0.00 0.00 714285714.00 714285714.00 0.00 714285714.00 714285714.00 0.00 0.00 714285714.00 714285714.00 714285714.00 0.00 0.00 
0.00 714285714.00 714285714.00 0.00 714285714.00 714285714.00 0.00 0.00 714285714.00 714285714.00 714285714.00 0.00 0.00 714285714.00 714285714.00 0.00 714285714.00 714285714.00 0.00 0.00 714285714.00 714285714.00 714285714.00 0.00 0.00 
0.00 714285714.00 714285714.00 0.00 714285714.00 714285714.00 0.00 0.00 714285714.00 714285714.00 714285714.00 0.00 0.00 714285714.00 714285714.00 0.00 714285714.00 714285714.00 0.00 0.00 714285714.00 714285714.00 714285714.00 0.00 0.00 
0.00 714285714.00 714285714.00 0.00 714285714.00 714285714.00 0.00 0.00 714285714.00 714285714.00 714285714.00 0.00 0.00 714285714.00 714285714.00 0.00 714285714.00 714285714.00 0.00 0.00 714285714.00 714285714.00 714285714.00 0.00 0.00 
0.00 714285714.00 714285714.00 0.00 714285714.00 714285714.00 0.00 0.00 714285714.00 714285714.00 714285714.00 0.00 0.00 714285714.00 714285714.00 0.00 714285714.00 714285714.00 0.00 0.00 714285714.00 714285714.00 714285714.00 0.00 0.00 
0.00 714285714.00 714285714.00 0.00 714285714.00 714285714.00 0.00 0.00 714285714.00 714285714.00 714285714.00 0.00 0.00 714285714.00 714285714.00 0.00 714285714.00 714285714.00 0.00 0.00 714285714.00 714285714.00 714285714.00 0.00 0.00 
0.00 714285714.00 714285714.00 0.00 714285714.00 714285714.00 0.00 0.00 714285714.00 714285714.00 714285714.00 0.00 0.00 714285714.00 714285714.00 0.00 714285714.00 714285714.00 0.00 0.00 714285714.00 714285714.00 714285714.00 0.00 0.00 
0.00 714285714.00 714285714.00 0.00 714285714.00 714285714.00 0.00 0.00 714285714.00 714285714.00 714285714.00 0.00 0.00 714285714.00 714285714.00 0.00 714285714.00 714285714.00 0.00 0.00 714285714.00 714285714.00 714285714.00 0.00 0.00 
0.00 714285714.00 714285714.00 0.00 714285714.00 714285714.00 0.00 0.00 714285714.00 714285714.00 714285714.00 0.00 0.00 714285714.00 714285714.00 0.00 714285714.00 714285714.00 0.00 0.00 714285714.00 714285714.00 714285714.00 0.00 0.00 
0.00 714285714.00 714285714.00 0.00 714285714.00 714285714.00 0.00 0.00 714285714.00 714285714.00 714285714.00 0.00 0.00 714285714.00 714285714.00 0.00 714285714.00 714285714.00 0.00 0.00 714285714.00 714285714.00 714285714.00 0.00 0.00 
0.00 714285714.00 714285714.00 0.00 714285714.00 714285714.00 0.00 0.00 714285714.00 714285714.00 714285714.00 0.00 0.00 714285714.00 714285714.00 0.00 714285714.00 714285714.00 0.00 0.00 714285714.00 714285714.00 714285714.00 0.00 0.00 
0.00 714285714.00 714285714.00 0.00 714285714.00 714285714.00 0.00 0.00 714285714.00 714285714.00 714285714.00 0.00 0.00 714285714.00 714285714.00 0.00 714285714.00 714285714.00 0.00 0.00 714285714.00 714285714.00 714285714.00 0.00 0.00 
0.00 714285714.00 714285714.00 0.00 714285714.00 714285714.00 0.00 0.00 714285714.00 714285714.00 714285714.00 0.00 0.00 714285714.00 714285714.00 0.00 714285714.00 714285714.00 0.00 0.00 714285714.00 714285714.00 714285714.00 0.00 0.00 
