# solver	iter	total-throughput	stddev
akecmp	0	8080000000.000000	0.000000
akecmp	1	8080000000.000000	0.000000
akecmp	2	8080000000.000000	0.000000
akecmp	3	8080000000.000000	0.000000
akecmp	4	8080000000.000000	0.000000
akecmp	5	8080000000.000000	0.000000
akecmp	6	8080000000.000000	0.000000
akecmp	7	8080000000.000000	0.000000
akecmp	8	8080000000.000000	0.000000
akecmp	9	8080000000.000000	0.000000
akksp	0	3016000000.000000	0.000000
akksp	1	3016000000.000000	0.000000
akksp	2	3016000000.000000	0.000000
akksp	3	3016000000.000000	0.000000
akksp	4	3016000000.000000	0.000000
akksp	5	3016000000.000000	0.000000
akksp	6	3016000000.000000	0.000000
akksp	7	3016000000.000000	0.000000
akksp	8	3016000000.000000	0.000000
akksp	9	3016000000.000000	0.000000
akmcf	0	8023333333.333331	0.000000
akmcf	1	8023333333.333331	0.000000
akmcf	2	8023333333.333331	0.000000
akmcf	3	8023333333.333331	0.000000
akmcf	4	8023333333.333331	0.000000
akmcf	5	8023333333.333331	0.000000
akmcf	6	8023333333.333331	0.000000
akmcf	7	8023333333.333331	0.000000
akmcf	8	8023333333.333331	0.000000
akmcf	9	8023333333.333331	0.000000
akraeke	0	7938019999.999992	0.000000
akraeke	1	7938019999.999992	0.000000
akraeke	2	7938019999.999992	0.000000
akraeke	3	7938019999.999992	0.000000
akraeke	4	7938019999.999992	0.000000
akraeke	5	7938019999.999992	0.000000
akraeke	6	7938019999.999992	0.000000
akraeke	7	7938019999.999992	0.000000
akraeke	8	7938019999.999992	0.000000
akraeke	9	7938019999.999992	0.000000
akvlb	0	7960329569.280000	0.000000
akvlb	1	7960329569.280000	0.000000
akvlb	2	7960329569.280000	0.000000
akvlb	3	7960329569.280000	0.000000
akvlb	4	7960329569.280000	0.000000
akvlb	5	7960329569.280000	0.000000
akvlb	6	7960329569.280000	0.000000
akvlb	7	7960329569.280000	0.000000
akvlb	8	7960329569.280000	0.000000
akvlb	9	7960329569.280000	0.000000
ecmp	0	8080000000.000000	0.000000
ecmp	1	8080000000.000000	0.000000
ecmp	2	8080000000.000000	0.000000
ecmp	3	8080000000.000000	0.000000
ecmp	4	8080000000.000000	0.000000
ecmp	5	8080000000.000000	0.000000
ecmp	6	8080000000.000000	0.000000
ecmp	7	8080000000.000000	0.000000
ecmp	8	8080000000.000000	0.000000
ecmp	9	8080000000.000000	0.000000
ksp	0	3016000000.000000	0.000000
ksp	1	3016000000.000000	0.000000
ksp	2	3016000000.000000	0.000000
ksp	3	3016000000.000000	0.000000
ksp	4	3016000000.000000	0.000000
ksp	5	3016000000.000000	0.000000
ksp	6	3016000000.000000	0.000000
ksp	7	3016000000.000000	0.000000
ksp	8	3016000000.000000	0.000000
ksp	9	3016000000.000000	0.000000
mcf	0	7940000000.000000	0.000000
mcf	1	7940000000.000000	0.000000
mcf	2	7940000000.000000	0.000000
mcf	3	7940000000.000000	0.000000
mcf	4	7940000000.000000	0.000000
mcf	5	7940000000.000000	0.000000
mcf	6	7940000000.000000	0.000000
mcf	7	7940000000.000000	0.000000
mcf	8	7940000000.000000	0.000000
mcf	9	7940000000.000000	0.000000
mwmcf	0	8080000000.000000	0.000000
mwmcf	1	8080000000.000000	0.000000
mwmcf	2	8080000000.000000	0.000000
mwmcf	3	8080000000.000000	0.000000
mwmcf	4	8080000000.000000	0.000000
mwmcf	5	8080000000.000000	0.000000
mwmcf	6	8080000000.000000	0.000000
mwmcf	7	8080000000.000000	0.000000
mwmcf	8	8080000000.000000	0.000000
mwmcf	9	8080000000.000000	0.000000
raeke	0	7929909999.999933	0.000000
raeke	1	7929909999.999933	0.000000
raeke	2	7929909999.999933	0.000000
raeke	3	7929909999.999933	0.000000
raeke	4	7929909999.999933	0.000000
raeke	5	7929909999.999933	0.000000
raeke	6	7929909999.999933	0.000000
raeke	7	7929909999.999933	0.000000
raeke	8	7929909999.999933	0.000000
raeke	9	7929909999.999933	0.000000
semimcfecmp	0	8080000000.000000	0.000000
semimcfecmp	1	8080000000.000000	0.000000
semimcfecmp	2	8080000000.000000	0.000000
semimcfecmp	3	8080000000.000000	0.000000
semimcfecmp	4	8080000000.000000	0.000000
semimcfecmp	5	8080000000.000000	0.000000
semimcfecmp	6	8080000000.000000	0.000000
semimcfecmp	7	8080000000.000000	0.000000
semimcfecmp	8	8080000000.000000	0.000000
semimcfecmp	9	8080000000.000000	0.000000
semimcfksp	0	8080000000.000000	0.000000
semimcfksp	1	8080000000.000000	0.000000
semimcfksp	2	8080000000.000000	0.000000
semimcfksp	3	8080000000.000000	0.000000
semimcfksp	4	8080000000.000000	0.000000
semimcfksp	5	8080000000.000000	0.000000
semimcfksp	6	8080000000.000000	0.000000
semimcfksp	7	8080000000.000000	0.000000
semimcfksp	8	8080000000.000000	0.000000
semimcfksp	9	8080000000.000000	0.000000
semimcfmcf	0	8040000000.000000	0.000000
semimcfmcf	1	8040000000.000000	0.000000
semimcfmcf	2	8040000000.000000	0.000000
semimcfmcf	3	8040000000.000000	0.000000
semimcfmcf	4	8040000000.000000	0.000000
semimcfmcf	5	8040000000.000000	0.000000
semimcfmcf	6	8040000000.000000	0.000000
semimcfmcf	7	8040000000.000000	0.000000
semimcfmcf	8	8040000000.000000	0.000000
semimcfmcf	9	8040000000.000000	0.000000
semimcfraeke	0	7940000000.000000	0.000000
semimcfraeke	1	7940000000.000000	0.000000
semimcfraeke	2	7940000000.000000	0.000000
semimcfraeke	3	7940000000.000000	0.000000
semimcfraeke	4	7940000000.000000	0.000000
semimcfraeke	5	7940000000.000000	0.000000
semimcfraeke	6	7940000000.000000	0.000000
semimcfraeke	7	7940000000.000000	0.000000
semimcfraeke	8	7940000000.000000	0.000000
semimcfraeke	9	7940000000.000000	0.000000
semimcfvlb	0	8040000000.000000	0.000000
semimcfvlb	1	8040000000.000000	0.000000
semimcfvlb	2	8040000000.000000	0.000000
semimcfvlb	3	8040000000.000000	0.000000
semimcfvlb	4	8040000000.000000	0.000000
semimcfvlb	5	8040000000.000000	0.000000
semimcfvlb	6	8040000000.000000	0.000000
semimcfvlb	7	8040000000.000000	0.000000
semimcfvlb	8	8040000000.000000	0.000000
semimcfvlb	9	8040000000.000000	0.000000
spf	0	8080000000.000000	0.000000
spf	1	8080000000.000000	0.000000
spf	2	8080000000.000000	0.000000
spf	3	8080000000.000000	0.000000
spf	4	8080000000.000000	0.000000
spf	5	8080000000.000000	0.000000
spf	6	8080000000.000000	0.000000
spf	7	8080000000.000000	0.000000
spf	8	8080000000.000000	0.000000
spf	9	8080000000.000000	0.000000
vlb	0	8015200000.000000	0.000000
vlb	1	8018800000.000000	0.000000
vlb	2	8013600000.000000	0.000000
vlb	3	8017600000.000000	0.000000
vlb	4	8024000000.000000	0.000000
vlb	5	8008400000.000000	0.000000
vlb	6	8019200000.000000	0.000000
vlb	7	8020800000.000000	0.000000
vlb	8	8016000000.000000	0.000000
vlb	9	8008400000.000000	0.000000

