# solver	iter	num_paths	stddev
ecmp	0	168.000000	0.000000
ecmp	1	168.000000	0.000000
ecmp	2	168.000000	0.000000
ecmp	3	168.000000	0.000000
ecmp	4	168.000000	0.000000
ecmp	5	168.000000	0.000000
ecmp	6	168.000000	0.000000
ecmp	7	168.000000	0.000000
ecmp	8	168.000000	0.000000
ecmp	9	168.000000	0.000000
ecmp	10	168.000000	0.000000
ecmp	11	168.000000	0.000000
ecmp	12	168.000000	0.000000
ecmp	13	168.000000	0.000000
ecmp	14	168.000000	0.000000
ecmp	15	168.000000	0.000000
ecmp	16	168.000000	0.000000
ecmp	17	168.000000	0.000000
ecmp	18	168.000000	0.000000
ecmp	19	168.000000	0.000000
ecmp	20	168.000000	0.000000
ecmp	21	168.000000	0.000000
ecmp	22	168.000000	0.000000
ecmp	23	168.000000	0.000000
ksp	0	623.000000	0.000000
ksp	1	623.000000	0.000000
ksp	2	623.000000	0.000000
ksp	3	623.000000	0.000000
ksp	4	623.000000	0.000000
ksp	5	623.000000	0.000000
ksp	6	623.000000	0.000000
ksp	7	623.000000	0.000000
ksp	8	623.000000	0.000000
ksp	9	623.000000	0.000000
ksp	10	623.000000	0.000000
ksp	11	623.000000	0.000000
ksp	12	623.000000	0.000000
ksp	13	623.000000	0.000000
ksp	14	623.000000	0.000000
ksp	15	623.000000	0.000000
ksp	16	623.000000	0.000000
ksp	17	623.000000	0.000000
ksp	18	623.000000	0.000000
ksp	19	623.000000	0.000000
ksp	20	623.000000	0.000000
ksp	21	623.000000	0.000000
ksp	22	623.000000	0.000000
ksp	23	623.000000	0.000000
mcf	0	135.000000	0.000000
mcf	1	135.000000	0.000000
mcf	2	135.000000	0.000000
mcf	3	138.000000	0.000000
mcf	4	135.000000	0.000000
mcf	5	135.000000	0.000000
mcf	6	135.000000	0.000000
mcf	7	135.000000	0.000000
mcf	8	135.000000	0.000000
mcf	9	135.000000	0.000000
mcf	10	135.000000	0.000000
mcf	11	135.000000	0.000000
mcf	12	135.000000	0.000000
mcf	13	135.000000	0.000000
mcf	14	135.000000	0.000000
mcf	15	135.000000	0.000000
mcf	16	135.000000	0.000000
mcf	17	135.000000	0.000000
mcf	18	135.000000	0.000000
mcf	19	135.000000	0.000000
mcf	20	135.000000	0.000000
mcf	21	135.000000	0.000000
mcf	22	135.000000	0.000000
mcf	23	135.000000	0.000000
raeke	0	598.000000	0.000000
raeke	1	598.000000	0.000000
raeke	2	598.000000	0.000000
raeke	3	598.000000	0.000000
raeke	4	598.000000	0.000000
raeke	5	598.000000	0.000000
raeke	6	598.000000	0.000000
raeke	7	598.000000	0.000000
raeke	8	598.000000	0.000000
raeke	9	598.000000	0.000000
raeke	10	598.000000	0.000000
raeke	11	598.000000	0.000000
raeke	12	598.000000	0.000000
raeke	13	598.000000	0.000000
raeke	14	598.000000	0.000000
raeke	15	598.000000	0.000000
raeke	16	598.000000	0.000000
raeke	17	598.000000	0.000000
raeke	18	598.000000	0.000000
raeke	19	598.000000	0.000000
raeke	20	598.000000	0.000000
raeke	21	598.000000	0.000000
raeke	22	598.000000	0.000000
raeke	23	598.000000	0.000000
semimcfecmp	0	168.000000	0.000000
semimcfecmp	1	168.000000	0.000000
semimcfecmp	2	168.000000	0.000000
semimcfecmp	3	168.000000	0.000000
semimcfecmp	4	168.000000	0.000000
semimcfecmp	5	168.000000	0.000000
semimcfecmp	6	168.000000	0.000000
semimcfecmp	7	168.000000	0.000000
semimcfecmp	8	168.000000	0.000000
semimcfecmp	9	168.000000	0.000000
semimcfecmp	10	168.000000	0.000000
semimcfecmp	11	168.000000	0.000000
semimcfecmp	12	168.000000	0.000000
semimcfecmp	13	168.000000	0.000000
semimcfecmp	14	168.000000	0.000000
semimcfecmp	15	168.000000	0.000000
semimcfecmp	16	168.000000	0.000000
semimcfecmp	17	168.000000	0.000000
semimcfecmp	18	168.000000	0.000000
semimcfecmp	19	168.000000	0.000000
semimcfecmp	20	168.000000	0.000000
semimcfecmp	21	168.000000	0.000000
semimcfecmp	22	168.000000	0.000000
semimcfecmp	23	168.000000	0.000000
semimcfksp	0	623.000000	0.000000
semimcfksp	1	623.000000	0.000000
semimcfksp	2	623.000000	0.000000
semimcfksp	3	623.000000	0.000000
semimcfksp	4	623.000000	0.000000
semimcfksp	5	623.000000	0.000000
semimcfksp	6	623.000000	0.000000
semimcfksp	7	623.000000	0.000000
semimcfksp	8	623.000000	0.000000
semimcfksp	9	623.000000	0.000000
semimcfksp	10	623.000000	0.000000
semimcfksp	11	623.000000	0.000000
semimcfksp	12	623.000000	0.000000
semimcfksp	13	623.000000	0.000000
semimcfksp	14	623.000000	0.000000
semimcfksp	15	623.000000	0.000000
semimcfksp	16	623.000000	0.000000
semimcfksp	17	623.000000	0.000000
semimcfksp	18	623.000000	0.000000
semimcfksp	19	623.000000	0.000000
semimcfksp	20	623.000000	0.000000
semimcfksp	21	623.000000	0.000000
semimcfksp	22	623.000000	0.000000
semimcfksp	23	623.000000	0.000000
semimcfmcf	0	135.000000	0.000000
semimcfmcf	1	135.000000	0.000000
semimcfmcf	2	135.000000	0.000000
semimcfmcf	3	135.000000	0.000000
semimcfmcf	4	135.000000	0.000000
semimcfmcf	5	135.000000	0.000000
semimcfmcf	6	135.000000	0.000000
semimcfmcf	7	135.000000	0.000000
semimcfmcf	8	135.000000	0.000000
semimcfmcf	9	135.000000	0.000000
semimcfmcf	10	135.000000	0.000000
semimcfmcf	11	135.000000	0.000000
semimcfmcf	12	135.000000	0.000000
semimcfmcf	13	135.000000	0.000000
semimcfmcf	14	135.000000	0.000000
semimcfmcf	15	135.000000	0.000000
semimcfmcf	16	135.000000	0.000000
semimcfmcf	17	135.000000	0.000000
semimcfmcf	18	135.000000	0.000000
semimcfmcf	19	135.000000	0.000000
semimcfmcf	20	135.000000	0.000000
semimcfmcf	21	135.000000	0.000000
semimcfmcf	22	135.000000	0.000000
semimcfmcf	23	135.000000	0.000000
semimcfraeke	0	619.000000	0.000000
semimcfraeke	1	619.000000	0.000000
semimcfraeke	2	619.000000	0.000000
semimcfraeke	3	619.000000	0.000000
semimcfraeke	4	619.000000	0.000000
semimcfraeke	5	619.000000	0.000000
semimcfraeke	6	619.000000	0.000000
semimcfraeke	7	619.000000	0.000000
semimcfraeke	8	619.000000	0.000000
semimcfraeke	9	619.000000	0.000000
semimcfraeke	10	619.000000	0.000000
semimcfraeke	11	619.000000	0.000000
semimcfraeke	12	619.000000	0.000000
semimcfraeke	13	619.000000	0.000000
semimcfraeke	14	619.000000	0.000000
semimcfraeke	15	619.000000	0.000000
semimcfraeke	16	619.000000	0.000000
semimcfraeke	17	619.000000	0.000000
semimcfraeke	18	619.000000	0.000000
semimcfraeke	19	619.000000	0.000000
semimcfraeke	20	619.000000	0.000000
semimcfraeke	21	619.000000	0.000000
semimcfraeke	22	619.000000	0.000000
semimcfraeke	23	619.000000	0.000000
semimcfvlb	0	489.000000	0.000000
semimcfvlb	1	489.000000	0.000000
semimcfvlb	2	489.000000	0.000000
semimcfvlb	3	489.000000	0.000000
semimcfvlb	4	489.000000	0.000000
semimcfvlb	5	489.000000	0.000000
semimcfvlb	6	489.000000	0.000000
semimcfvlb	7	489.000000	0.000000
semimcfvlb	8	489.000000	0.000000
semimcfvlb	9	489.000000	0.000000
semimcfvlb	10	489.000000	0.000000
semimcfvlb	11	489.000000	0.000000
semimcfvlb	12	489.000000	0.000000
semimcfvlb	13	489.000000	0.000000
semimcfvlb	14	489.000000	0.000000
semimcfvlb	15	489.000000	0.000000
semimcfvlb	16	489.000000	0.000000
semimcfvlb	17	489.000000	0.000000
semimcfvlb	18	489.000000	0.000000
semimcfvlb	19	489.000000	0.000000
semimcfvlb	20	489.000000	0.000000
semimcfvlb	21	489.000000	0.000000
semimcfvlb	22	489.000000	0.000000
semimcfvlb	23	489.000000	0.000000
spf	0	132.000000	0.000000
spf	1	132.000000	0.000000
spf	2	132.000000	0.000000
spf	3	132.000000	0.000000
spf	4	132.000000	0.000000
spf	5	132.000000	0.000000
spf	6	132.000000	0.000000
spf	7	132.000000	0.000000
spf	8	132.000000	0.000000
spf	9	132.000000	0.000000
spf	10	132.000000	0.000000
spf	11	132.000000	0.000000
spf	12	132.000000	0.000000
spf	13	132.000000	0.000000
spf	14	132.000000	0.000000
spf	15	132.000000	0.000000
spf	16	132.000000	0.000000
spf	17	132.000000	0.000000
spf	18	132.000000	0.000000
spf	19	132.000000	0.000000
spf	20	132.000000	0.000000
spf	21	132.000000	0.000000
spf	22	132.000000	0.000000
spf	23	132.000000	0.000000
vlb	0	505.000000	0.000000
vlb	1	490.000000	0.000000
vlb	2	503.000000	0.000000
vlb	3	494.000000	0.000000
vlb	4	506.000000	0.000000
vlb	5	506.000000	0.000000
vlb	6	503.000000	0.000000
vlb	7	493.000000	0.000000
vlb	8	500.000000	0.000000
vlb	9	505.000000	0.000000
vlb	10	502.000000	0.000000
vlb	11	511.000000	0.000000
vlb	12	514.000000	0.000000
vlb	13	492.000000	0.000000
vlb	14	495.000000	0.000000
vlb	15	491.000000	0.000000
vlb	16	506.000000	0.000000
vlb	17	498.000000	0.000000
vlb	18	499.000000	0.000000
vlb	19	493.000000	0.000000
vlb	20	504.000000	0.000000
vlb	21	483.000000	0.000000
vlb	22	496.000000	0.000000
vlb	23	501.000000	0.000000

